30 61 94 32 73 67 138 81 14 79 70 74 144 78 55 55 39 26 79 43 75 47 65 82 50 33 30 96 121 172 125 40 44 155 54 119 41 41 88 35 53 153 48 181 53 23 71 85 22 77 102 85 112 54 85 93 44 45 73 42 234 60 212 82 22 102 85 95 65 92 86 27 34 73 116 44 80 43 61 77 53 106 46 28 29 65 157 33 92 85 116 95 105 60 51 149 163 93 87 130 51 123 49 82 58 88 69 26 102 29 63 123 156 84 21 133 150 100 60 99 51 122 48 105 166 86 39 52 50 80 144 84 71 42 111 65 85 50 69 61 124 119 94 32 106 103 53 49 124 107 62 131 68 62 50 76 50 19 112 122 139 59 4 73 6 33 89 88 104 70 65 81 82 133 85 44 85 40 158 124 60 92 90 32 29 56 77 108 58 90 63 47 21 115 84 57 95 69 62 104 141 30 68 150 82 90 108 106 126 63 66 189 102 67 62 47 90 39 100 29 69 98 163 73 22 35 53 64 40 79 38 98 69 75 70 127 93 73 178 73 86 54 109 71 41 32 66 63 30 112 57 25 51 106 51 81
38 54 36 48 19 51 76 45 29 44 109 114 102 64 114 74 87 118 3 199 24 76 85 83 2 75 87 105 71 66 54 30 40 90 80 60 241 71 24 92 81 54 31 104 69 75 109 186 166 97 1 24 46 53 95 69 66 75 83 67 52 36 187 59 69 60 63 57 58 54 160 56 82 130 32 80 32 77 68 58 85 38 94 52 127 56 91 79 111 47 54 47 53 112 100 50 83 81 108 232 62 87 70 72 106 246 80 50 16 46 65 45 140 54 26 83 67 137 38 77 55 14 92 133 179 65 74 65 132 84 1 57 88 51 60 44 45 84 48 102 187 134 48 64 32 54 135 103 119 48 99 92 154 127 84 179 47 95 55 43 55 51 95 64 34 61 54 94 75 101 105 53 118 63 45 37 34 73 44 66 74 117 219 68 85 34 77 59 93 95 90 129 85 201 90 73 40 65 94 57 34 60 76 54 78 65 92 90 39 68 60 239 41 124 115 64 222 132 13 30 31 55 77 74 102 124 34 57 94 15 53 92 97 176 91 53 33 37 70 29 74 56 114 64 103 161 25 82 44 25 159 46 70 114 49 57
55 111 60 164 110 68 31 35 101 26 107 212 60 56 69 49 90 156 33 66 142 70 69 97 27 66 62 65 27 80 32 37 89 56 82 123 59 72 128 77 107 123 137 194 75 66 56 50 73 198 43 44 77 48 47 42 70 105 151 89 226 76 45 55 71 54 50 43 64 25 56 106 81 44 77 33 115 50 62 157 56 71 83 127 44 61 88 105 133 38 73 70 139 115 52 151 80 131 70 49 69 26 85 107 80 51 122 104 60 141 162 42 79 41 58 66 33 57 34 60 57 145 49 108 64 65 96 71 101 66 105 130 49 73 64 68 36 41 50 163 91 38 46 168 43 93 69 42 21 65 81 46 31 121 77 82 77 84 177 38 43 52 131 69 150 69 48 131 29 67 24 94 140 50 41 69 74 46 82 108 80 39 103 62 54 38 67 70 248 72 31 68 129 197 121 82 53 83 91 91 73 52 37 104 73 41 28 106 55 44 142 71 90 32 16 50 90 237 65 105 77 50 39 26 23 35 54 118 120 85 127 73 68 100 47 99 62 64 37 102 66 88 70 35 48 59 62 84 72 73 28 39 106 131 72 86
35 55 159 33 56 58 32 28 34 59 167 113 113 95 35 59 135 57 21 28 54 52 191 9 130 132 195 73 58 33 103 91 85 30 82 109 69 187 80 426 74 119 64 52 59 56 101 27 54 49 23 54 34 116 21 87 98 22 9 104 53 70 176 59 21 20 62 41 37 102 32 25 62 73 10 43 103 117 64 53 27 9 19 34 171 42 65 36 62 59 104 86 78 83 97 15 34 52 61 29 51 16 32 89 23 37 140 51 26 39 266 74 12 83 88 117 59 243 49 118 38 53 49 62 64 291 58 36 102 89 156 45 58 120 70 113 50 60 75 32 63 72 111 80 15 31 89 20 56 26 79 34 109 79 128 77 162 29 58 63 38 50 76 148 58 14 73 95 22 54 69 55 295 52 53 7 220 174 71 47 56 46 34 106 63 20 42 146 54 76 106 53 91 47 55 76 60 122 42 218 92 138 106 71 56 45 94 113 50 273 69 102 42 121 69 95 76 56 48 66 73 48 35 104 31 120 193 39 54 50 184 86 31 289 88 157 180 43 43 51 61 27 122 258 95 62 42 107 113 52 52 164 67 51 35 82
92 1 52 71 53 62 54 45 61 69 39 26 82 119 112 222 21 53 77 66 125 66 60 93 67 12 20 298 121 36 226 30 25 73 261 49 123 49 22 49 19 33 44 98 189 125 47 1 44 50 43 42 14 7 213 43 38 18 172 1 86 74 112 102 42 113 43 108 25 63 89 80 84 5 48 11 26 2 255 57 188 75 156 33 68 47 31 89 151 40 104 59 63 53 81 111 50 60 57 30 27 38 172 11 49 65 31 5 173 144 373 42 67 45 85 1 10 4 108 56 98 131 53 115 13 83 34 77 87 87 66 110 171 58 314 32 44 187 32 53 106 23 233 6 141 108 75 71 135 140 89 116 298 73 334 44 17 40 33 81 80 92 6 93 66 160 6 148 22 21 65 140 25 50 26 169 29 18 174 85 100 77 100 59 98 58 27 142 78 151 53 83 130 112 17 151 32 66 28 87 133 70 74 100 70 77 110 139 7 11 56 52 19 63 47 59 123 30 13 66 14 161 137 22 57 148 14 50 106 48 82 90 32 153 57 119 125 27 33 58 120 135 81 49 66 98 72 73 59 92 51 27 26 89 66 52
80 8 79 54 37 146 165 125 194 76 93 55 32 75 94 56 255 37 65 83 40 84 37 136 44 94 3 50 64 65 15 54 50 95 13 72 52 44 81 20 8 112 128 181 66 21 32 106 78 2 94 43 57 58 9 8 83 81 171 37 234 74 38 36 147 153 101 92 104 107 28 65 49 31 9 22 37 180 84 49 63 119 126 71 32 68 18 65 97 90 260 71 12 116 56 183 31 143 121 67 59 8 59 47 138 108 113 29 95 80 219 131 76 250 62 153 64 28 70 49 109 36 231 99 38 8 10 116 78 14 31 46 90 5 61 130 151 32 36 51 35 32 99 68 24 132 27 73 247 29 18 104 50 154 51 6 57 29 194 121 113 201 60 28 194 215 65 291 30 60 34 14 40 41 46 38 33 48 52 11 68 33 252 22 43 21 109 13 323 115 34 133 36 170 101 42 128 200 66 13 64 18 46 41 125 232 33 254 5 31 50 25 46 140 92 87 35 78 59 8 168 48 205 71 67 23 61 70 60 70 125 94 50 8 51 167 100 45 14 132 20 1 24 44 35 34 37 38 73 92 70 175 81 15 63 98
62 136 64 45 19 198 5 89 24 68 10 47 370 10 341 373 48 4 57 88 28 54 136 39 44 44 28 28 41 5 109 71 19 132 8 3 132 77 14 115 69 68 18 158 15 24 73 92 181 157 30 81 44 59 113 54 34 93 20 24 176 147 152 60 25 195 4 116 104 21 19 34 44 41 52 53 231 35 14 284 23 67 135 58 16 37 117 58 26 118 89 124 96 207 2 107 64 7 125 99 92 49 256 56 20 2 34 42 108 38 59 56 49 32 45 38 9 40 126 228 6 103 114 233 101 149 31 54 66 85 12 32 18 116 257 29 67 15 242 65 27 41 4 125 39 79 44 37 11 44 9 5 180 203 54 21 124 186 29 58 59 152 12 47 56 10 82 176 108 47 35 54 38 92 45 42 63 9 105 39 19 39 157 80 9 81 35 22 15 36 30 63 35 113 134 133 181 152 75 124 54 21 65 43 109 57 104 58 55 69 94 90 136 111 54 203 10 63 67 63 7 39 83 27 54 53 17 52 90 10 81 49 245 83 30 132 82 344 75 52 108 137 24 57 24 136 447 78 57 52 35 55 137 39 110 141
9 196 96 51 121 13 126 78 9 61 16 128 27 74 131 29 112 76 60 56 16 188 79 361 4 9 7 0 79 207 64 37 154 67 35 143 133 30 169 28 106 32 19 141 92 16 92 101 2 103 24 17 33 15 52 46 88 195 93 31 70 113 14 61 133 20 47 29 138 8 109 3 109 67 52 155 63 43 282 94 13 53 0 44 42 118 2 6 48 5 139 85 31 7 18 218 23 0 52 1 299 44 3 30 199 24 27 35 28 319 221 44 239 27 21 1 127 316 135 31 27 6 34 80 5 26 49 4 50 79 37 48 85 81 17 113 79 21 31 66 57 75 384 35 143 103 103 227 58 54 39 44 68 274 6 64 11 15 22 52 15 66 188 13 228 76 157 114 37 54 144 43 24 16 248 239 188 33 70 4 24 116 31 144 143 288 55 420 25 41 30 310 0 53 77 48 5 9 69 447 44 104 19 373 114 4 50 45 11 43 31 29 3 68 13 3 83 25 19 209 153 92 11 85 87 176 18 126 71 201 72 58 182 11 15 25 84 33 13 26 42 90 48 53 10 75 152 58 2 84 33 36 25 103 55 19
13 1 27 466 115 4 114 128 89 9 18 77 43 3 2 16 94 65 31 381 24 46 182 82 362 0 18 2 1 7 6 30 12 135 0 286 132 15 46 10 280 9 31 23 25 29 89 69 0 38 99 102 148 514 0 35 328 57 141 105 74 83 48 376 2 60 130 22 88 14 27 58 185 61 39 0 1 273 36 47 11 58 104 30 93 79 21 1 57 152 0 49 24 37 25 8 119 58 20 69 124 5 4 15 165 50 39 118 43 125 500 21 61 70 93 96 330 156 39 19 92 71 47 88 79 25 0 46 61 18 0 2 48 90 102 103 30 60 29 50 50 13 27 87 210 169 30 3 422 38 61 11 98 11 247 3 21 117 50 78 26 9 27 228 116 2 13 13 50 68 0 263 146 162 64 138 89 32 27 148 406 34 3 17 36 36 15 69 0 352 3 101 23 25 31 132 23 27 34 81 45 84 40 166 53 63 203 2 17 4 28 53 85 12 47 8 56 82 48 19 49 1 5 58 94 19 171 4 59 14 31 85 301 241 159 55 64 49 12 436 33 0 182 41 67 47 48 201 332 104 7 22 15 72 58 7
112 189 208 2 170 84 79 319 104 37 33 26 29 77 8 426 1 66 27 61 29 30 144 27 29 24 16 22 32 180 35 32 102 23 17 51 105 99 85 94 1 2 62 28 214 103 5 145 17 128 1 78 33 83 0 14 76 77 158 107 15 210 13 62 0 142 21 8 49 154 253 99 75 41 14 35 1 61 14 167 6 0 78 17 28 57 428 17 49 18 5 81 141 134 174 177 84 30 269 374 59 7 180 299 106 94 3 529 71 42 8 50 50 101 15 42 184 20 69 37 144 88 48 41 15 7 194 49 13 12 13 6 117 47 348 44 43 2 208 36 47 34 46 84 5 70 31 44 40 20 60 77 53 0 23 63 53 317 42 45 48 120 32 18 176 105 64 7 19 152 36 62 205 31 22 65 81 39 67 5 162 5 15 51 19 0 4 71 51 24 302 228 7 80 46 73 17 299 16 153 67 42 0 328 8 136 45 336 139 45 56 239 10 60 194 42 12 49 35 24 8 84 75 333 3 11 4 38 86 180 18 86 35 228 14 61 102 26 1 138 98 82 188 40 32 59 80 6 60 1 31 14 21 85 3 103
28 73 20 8 49 148 63 63 33 81 68 124 88 82 47 168 174 129 163 97 18 88 91 79 68 92 502 113 25 90 4 153 15 256 327 30 128 54 101 294 24 61 16 72 50 102 49 25 21 44 36 18 17 194 8 130 6 80 4 58 24 36 63 179 36 183 18 15 40 24 226 86 6 20 39 34 67 68 101 68 49 15 70 51 4 31 26 11 204 24 46 31 69 85 141 42 60 25 51 121 47 4 58 47 42 48 109 13 215 104 51 56 0 97 6 101 85 171 31 103 101 112 214 41 93 202 75 74 52 30 163 20 113 78 19 61 30 73 27 37 65 46 55 124 72 43 282 19 20 71 25 35 37 36 73 108 15 346 139 93 55 88 87 68 20 30 58 67 64 189 33 54 69 39 45 45 103 35 38 54 2 34 29 109 22 147 0 84 35 49 43 65 56 133 90 72 271 53 246 62 32 8 3 41 78 224 81 119 47 35 73 32 31 39 24 86 169 105 139 73 79 29 46 20 38 26 135 82 107 37 10 79 326 172 155 345 37 2 64 44 213 28 142 100 15 107 24 154 181 76 167 64 70 58 31 50
88 20 43 105 53 62 23 208 97 20 61 31 80 24 70 61 22 76 55 82 148 236 41 65 59 45 71 75 59 12 24 30 46 8 31 56 115 224 54 224 211 94 333 29 156 86 42 135 17 62 19 92 1 4 250 42 80 32 79 225 73 92 56 48 49 8 51 0 28 76 60 13 105 87 45 27 44 64 48 49 55 118 45 44 107 104 122 31 94 74 31 14 48 60 14 12 65 124 36 159 67 64 32 138 27 14 60 239 231 113 68 352 50 67 71 7 83 103 39 0 28 32 56 66 131 56 22 79 183 17 90 31 69 213 12 101 110 54 32 43 59 112 65 35 13 51 46 23 43 66 133 200 55 120 62 7 37 54 100 96 158 127 48 64 131 171 75 45 32 45 134 106 48 25 147 36 43 19 62 82 50 170 12 51 50 242 109 44 107 174 15 376 72 22 130 104 53 54 78 39 133 45 79 107 137 38 143 44 59 123 39 13 132 72 119 66 70 390 174 29 155 46 84 28 82 41 38 18 14 0 59 129 10 134 194 193 46 139 62 146 105 26 19 93 31 0 50 64 180 47 49 33 50 141 40 32
96 102 107 434 121 57 57 52 23 8 297 105 85 117 20 173 93 3 18 9 66 105 314 30 72 0 190 26 5 8 11 179 72 47 44 26 57 33 30 144 20 41 268 58 100 0 188 55 107 23 327 68 54 99 88 65 190 41 13 24 297 22 110 194 44 63 52 49 56 38 36 44 135 37 218 37 30 42 20 43 1 44 138 41 44 195 0 140 71 36 10 48 31 232 17 50 175 12 101 13 61 18 65 72 16 24 44 40 14 62 44 10 21 29 32 77 204 70 142 201 30 12 6 23 78 3 101 34 264 20 5 73 55 15 50 391 25 142 46 54 4 124 21 98 73 78 30 63 29 20 37 113 68 17 86 3 8 85 79 4 222 17 0 15 81 5 160 80 193 80 34 231 56 36 22 135 326 65 61 26 34 132 1 4 53 141 6 66 43 335 85 103 12 209 8 101 1 186 87 36 167 46 98 86 4 10 42 118 190 30 126 68 91 55 33 250 38 188 32 21 302 112 162 51 130 7 15 108 35 92 32 30 37 25 119 34 5 217 3 152 53 3 87 48 210 64 211 59 41 42 31 92 146 75 40 45
169 54 124 63 31 93 162 3 2 2 88 95 0 185 45 112 7 84 51 154 47 142 42 27 3 166 62 16 99 391 3 4 288 149 255 19 27 79 78 131 158 12 77 193 84 201 11 146 29 9 5 104 39 2 0 26 1 22 101 119 2 55 29 30 55 26 74 14 181 4 93 40 63 15 32 16 40 4 57 382 129 23 2 212 36 2 95 14 28 45 32 103 6 65 51 5 0 127 159 45 26 50 12 140 46 124 0 83 60 325 189 73 212 78 28 32 123 16 65 45 124 60 20 78 10 26 36 7 97 212 186 226 83 5 239 139 178 54 161 32 38 17 103 3 82 205 42 172 116 43 5 12 131 319 254 22 62 141 44 11 9 45 135 14 39 138 59 47 78 31 47 54 18 2 7 77 17 41 83 55 132 1 122 85 22 467 58 0 61 72 22 0 73 71 81 27 83 4 11 65 58 19 67 29 50 65 62 11 199 55 28 186 166 9 24 72 102 40 179 94 24 73 112 3 371 77 11 74 10 81 17 30 0 23 31 124 50 28 35 220 38 49 49 77 19 208 195 51 2 258 8 65 308 82 425 40
58 14 7 69 35 110 9 1 19 13 44 44 49 3 388 81 79 149 104 1 121 280 336 1 17 11 81 5 20 54 90 38 93 9 6 304 1 2 38 171 52 149 114 6 302 9 87 67 14 3 78 364 369 177 248 40 23 43 9 58 4 1 65 9 107 307 8 5 82 11 8 54 189 220 0 34 182 0 7 172 108 23 140 43 4 46 326 243 106 1 0 33 47 46 54 429 160 37 3 81 182 166 133 40 35 97 75 55 0 1 62 7 57 80 44 55 11 3 7 55 6 0 3 122 168 91 56 6 16 321 24 181 599 51 32 3 87 224 57 24 22 10 119 30 22 21 148 165 99 39 60 153 32 80 36 4 16 71 0 56 140 12 73 62 2 39 38 172 20 43 33 75 225 149 217 47 2 38 7 16 126 51 14 2 49 39 24 4 12 41 26 73 85 33 294 22 73 43 4 44 82 15 19 53 177 73 77 31 84 53 10 40 68 121 3 47 106 47 4 27 64 1 5 20 27 19 57 2 19 44 69 80 3 2 116 20 40 10 72 358 179 23 511 30 64 41 94 23 269 21 6 8 756 3 32 365
31 61 57 217 334 37 93 148 145 201 9 15 33 9 8 31 39 25 68 154 29 1 350 78 92 17 46 43 107 20 2 42 15 39 44 18 209 77 166 124 18 0 52 35 9 52 138 31 71 14 0 39 13 49 443 6 40 47 106 42 34 21 6 102 27 77 29 126 7 18 51 14 13 0 74 0 85 0 5 124 3 169 42 29 6 17 17 145 0 100 255 62 279 31 3 35 64 79 17 52 27 37 54 39 22 27 3 51 41 0 78 142 69 26 2 4 123 85 149 31 132 5 342 108 25 135 93 59 86 1 56 82 26 224 15 26 69 33 254 312 5 83 372 1 151 90 102 149 136 14 38 343 1 14 22 470 18 51 36 1 19 280 381 9 161 216 153 25 88 223 48 28 235 50 18 156 0 124 51 49 149 155 9 106 46 29 81 60 33 49 23 68 30 69 12 28 211 247 239 3 146 2 6 25 48 22 400 65 18 54 9 26 9 82 21 257 247 13 26 17 42 53 17 29 88 57 3 95 60 85 46 75 275 73 74 80 14 4 395 36 56 44 117 6 53 6 287 71 80 272 28 3 1 3 34 77
11 99 60 0 67 232 17 235 8 32 32 62 11 204 52 12 66 0 20 3 97 200 38 51 297 14 178 57 100 233 13 396 139 161 36 128 16 300 48 140 22 57 24 208 11 111 21 49 18 122 34 230 9 89 89 10 32 24 10 85 78 77 39 70 0 18 76 3 22 139 33 190 110 67 204 44 106 0 58 24 98 1 287 44 37 7 0 1 66 60 13 32 36 65 2 49 145 67 138 39 458 30 126 104 25 28 63 49 17 8 3 60 74 153 13 85 3 117 7 39 85 156 164 2 19 0 40 2 70 5 146 50 170 142 56 0 7 147 161 0 295 29 3 5 115 2 1 42 50 59 27 84 21 58 95 0 167 12 139 50 76 32 90 51 114 7 44 66 61 747 338 49 151 63 66 65 73 14 41 64 41 215 33 151 0 37 156 399 171 17 76 346 11 163 27 79 162 70 8 2 15 77 216 64 246 213 64 72 60 2 23 1 134 58 47 12 5 41 39 84 33 0 250 181 18 12 31 45 78 87 107 63 34 233 182 100 105 59 56 2 2 15 19 91 9 45 37 58 64 14 17 17 263 0 3 58
142 154 43 45 63 273 3 2 164 75 47 18 28 3 12 169 21 4 52 110 280 128 28 40 146 153 45 21 275 15 26 47 10 16 130 171 29 9 4 32 43 0 20 162 65 22 64 472 32 54 103 332 3 278 20 9 13 105 40 27 508 152 88 235 197 38 0 20 12 392 97 252 32 81 28 0 139 13 169 340 226 24 39 0 36 1 76 269 36 174 49 41 12 63 130 39 49 106 16 70 12 109 112 10 50 0 51 52 91 73 123 52 70 173 35 140 47 160 1 89 48 66 91 308 5 69 38 33 36 1 6 5 116 14 9 261 15 79 56 18 16 17 7 276 114 284 1 348 5 10 52 29 43 32 6 23 5 33 263 15 88 27 47 10 80 26 316 27 11 58 4 50 176 43 85 20 0 134 0 6 9 6 66 25 49 54 123 143 72 32 311 3 10 43 51 26 84 22 54 32 7 11 57 58 33 12 41 34 32 23 156 28 72 109 105 37 105 117 132 21 50 9 152 331 14 154 19 96 6 59 18 72 38 138 9 62 119 23 34 124 191 9 28 53 66 183 26 33 94 87 229 367 52 3 23 7
106 8 39 141 86 2 46 1 68 20 2 169 33 169 20 26 126 40 29 49 396 24 78 47 13 0 22 98 10 115 114 13 43 9 93 44 13 30 58 48 169 142 46 198 52 24 301 5 344 0 97 145 21 6 5 17 43 186 73 0 129 53 16 62 66 37 91 19 4 79 333 25 67 167 22 52 292 421 0 31 2 4 0 175 36 112 21 13 17 12 117 384 23 8 77 181 42 94 9 126 170 386 114 2 69 39 252 52 101 9 21 51 51 80 78 21 107 6 6 27 61 239 77 84 112 86 60 32 126 45 144 24 0 15 165 8 36 35 19 137 57 74 22 9 13 3 502 11 71 24 213 215 23 217 161 82 44 21 38 64 16 75 38 110 2 93 19 5 76 27 224 92 65 43 41 41 64 17 33 181 25 20 20 0 44 0 30 150 76 32 239 0 225 81 14 51 26 323 9 94 1 88 11 27 335 245 50 7 230 102 2 16 205 18 32 26 6 39 19 126 376 3 21 14 112 141 258 5 284 10 28 110 154 96 96 3 31 136 87 89 0 77 0 4 6 0 107 1 1 130 185 41 323 13 40 0
11 73 62 220 418 31 130 13 128 215 216 16 147 33 64 27 6 4 27 126 188 331 9 26 26 9 259 169 120 11 163 14 12 132 56 73 72 28 102 91 140 49 178 122 41 9 1 60 214 72 26 72 74 3 59 19 22 25 73 400 89 19 1 28 39 31 1 95 20 8 126 14 27 0 11 67 93 13 4 34 43 6 0 21 12 159 49 11 89 14 43 44 24 5 153 87 431 86 22 47 183 1 10 58 70 5 13 8 32 344 0 34 16 33 112 316 177 40 35 28 143 27 98 43 17 225 3 87 0 143 151 111 136 114 29 248 6 86 307 21 2 8 38 0 64 9 263 1 49 36 10 82 3 118 72 0 4 4 53 54 10 627 60 45 1 5 81 255 363 35 73 29 262 72 33 8 27 16 73 23 49 44 4 93 23 56 146 214 19 150 39 31 58 10 30 85 1 55 14 60 37 26 0 2 53 235 37 55 22 44 6 126 125 21 32 153 61 0 38 31 243 130 328 345 63 37 44 59 23 88 76 24 12 109 76 67 114 38 75 60 62 10 56 43 210 88 50 107 417 75 8 283 187 8 46 33
3 4 32 446 197 9 19 141 102 4 5 55 52 33 0 17 0 172 62 397 0 46 38 160 360 0 42 2 1 7 73 13 24 117 0 165 149 23 44 15 354 5 17 16 4 22 82 76 3 49 53 90 38 519 4 7 316 82 119 19 73 47 52 390 13 68 266 24 83 25 51 70 263 27 59 3 1 55 20 62 11 31 164 55 202 43 21 12 50 74 8 41 41 25 7 2 166 93 14 18 24 38 0 10 101 60 41 81 2 112 527 6 60 76 39 140 193 125 1 0 98 59 40 3 194 2 0 44 74 20 3 0 49 120 138 127 15 24 242 43 15 1 14 226 59 166 18 12 402 4 169 13 184 9 332 2 15 127 38 60 3 9 8 129 2 4 4 25 36 3 0 363 216 45 86 115 66 24 14 99 81 11 2 9 49 43 33 110 0 389 4 140 15 27 15 194 42 55 28 65 68 157 44 188 125 104 313 9 6 73 16 65 175 6 89 16 75 74 25 2 10 0 0 88 79 92 19 0 49 9 53 215 492 287 150 49 59 31 17 359 83 0 187 25 77 99 39 239 368 9 4 30 6 73 71 48
161 196 125 2 220 45 24 310 83 3 13 61 24 32 1 382 1 35 23 54 1 16 260 8 90 6 82 20 12 174 9 39 182 16 13 92 41 141 90 80 0 0 35 44 95 58 6 70 69 96 1 119 21 65 3 50 33 34 94 3 10 165 21 54 1 277 7 57 25 143 288 201 41 37 19 53 0 28 27 98 2 3 71 31 6 107 597 67 96 81 4 104 223 234 169 168 70 18 198 375 87 24 134 372 84 38 11 445 115 58 9 65 35 91 11 22 141 46 45 6 114 164 30 42 28 5 140 36 23 5 4 17 88 18 407 3 52 12 361 22 23 13 63 88 0 75 9 74 32 22 87 105 31 0 34 58 42 348 59 105 45 49 21 16 179 140 56 3 7 97 30 33 257 71 15 9 87 39 51 13 112 1 6 29 74 20 15 44 113 4 372 238 7 38 94 26 21 230 10 71 68 47 0 290 18 35 39 449 100 69 100 182 19 72 495 34 9 52 14 2 11 34 64 312 11 21 1 45 146 154 20 76 78 308 4 32 79 21 0 99 76 70 176 4 35 54 77 29 39 2 10 23 77 2 15 81
60 57 30 23 5 111 48 65 47 96 38 64 72 24 13 181 219 145 181 83 46 94 53 45 65 123 502 75 21 68 5 125 27 327 384 12 101 33 86 378 23 19 19 28 18 111 34 21 39 48 41 22 28 280 3 102 0 94 1 61 38 27 81 137 13 180 7 17 35 101 192 95 8 10 47 39 119 54 41 12 25 12 91 103 0 24 44 3 185 24 54 15 66 86 114 25 40 29 40 127 53 7 56 39 35 44 168 6 313 118 57 82 0 136 3 82 171 159 29 123 75 146 245 70 93 156 52 83 75 32 129 26 101 42 3 43 51 103 16 22 112 65 40 209 67 32 272 21 25 81 57 35 8 21 43 134 19 338 86 103 236 72 75 59 34 21 21 44 139 197 25 11 29 40 212 53 102 32 36 51 3 26 29 59 24 43 1 104 59 77 2 49 57 115 177 55 254 56 232 78 23 7 17 54 100 321 99 123 76 24 19 31 38 79 4 67 210 94 112 56 47 26 14 10 69 28 107 84 73 57 23 71 301 204 172 267 251 3 70 35 30 23 156 89 22 117 56 15 132 68 84 42 72 51 58 74
146 6 54 56 32 50 5 302 108 36 186 14 30 7 77 67 51 64 57 88 128 287 44 58 33 85 73 51 29 5 8 16 55 10 55 22 144 201 72 242 392 45 239 6 47 47 40 72 4 67 18 28 2 9 196 20 108 25 82 283 95 274 114 31 39 11 50 0 15 79 94 38 148 49 38 16 47 49 62 45 287 123 52 131 76 93 123 38 66 52 88 24 62 53 19 59 66 19 31 178 87 210 25 134 24 9 54 210 46 78 46 421 17 53 55 2 63 88 44 0 10 32 61 204 107 121 31 101 202 82 78 17 43 188 40 39 110 16 43 40 96 135 33 28 7 47 80 16 39 66 64 161 64 95 72 22 46 48 66 81 100 123 38 41 83 138 72 46 37 35 170 96 61 14 175 26 75 58 57 60 56 133 11 42 38 263 64 22 60 219 25 386 35 60 167 81 43 53 201 33 182 76 62 97 130 25 150 47 77 152 22 32 119 91 100 32 49 554 160 15 135 30 80 48 75 12 59 25 11 1 44 163 0 54 169 188 70 115 46 115 34 21 8 61 21 2 46 55 163 49 36 29 51 109 29 2
63 162 160 270 114 24 39 92 47 2 220 164 83 137 48 318 63 4 16 7 94 60 355 25 60 1 167 51 9 10 2 121 78 44 44 49 78 51 18 141 9 20 307 112 96 0 193 70 175 18 338 12 37 80 89 51 106 48 61 11 304 29 102 180 12 6 162 78 36 23 29 3 71 34 242 33 17 13 19 36 25 73 126 26 56 78 0 213 64 50 1 56 12 246 27 34 181 10 67 20 59 13 43 78 72 68 133 49 5 42 18 8 73 48 26 103 253 40 109 242 54 15 12 19 63 10 48 63 300 9 0 51 89 14 10 384 26 112 43 97 6 64 21 39 43 33 25 56 40 19 40 141 123 35 32 10 25 80 129 3 179 40 0 8 50 11 154 60 150 114 52 258 53 42 53 155 372 35 100 15 33 188 2 4 51 195 22 47 19 348 70 71 8 207 4 102 3 135 79 37 59 61 142 110 4 61 16 112 13 13 131 21 49 62 49 263 51 110 18 21 375 123 214 4 153 6 22 78 15 76 12 11 22 36 33 60 8 303 25 169 49 10 119 42 336 56 229 48 62 31 23 92 186 52 14 71
344 74 88 23 71 119 263 19 5 1 108 60 4 171 10 153 23 58 20 252 49 151 15 19 2 188 94 38 39 318 2 2 341 144 224 22 44 92 52 124 290 14 72 180 67 135 7 150 0 15 4 77 62 0 0 25 29 14 101 50 0 68 21 57 84 8 68 28 143 4 103 114 41 21 5 4 45 1 93 372 201 55 16 138 14 0 121 21 31 41 18 74 11 52 32 15 0 133 87 32 26 145 3 63 72 102 6 32 33 270 132 53 180 90 37 47 84 8 65 73 172 24 6 99 20 6 12 3 96 218 275 218 99 5 268 156 188 56 62 49 61 29 100 3 45 231 31 233 72 17 10 4 126 283 99 55 43 153 124 51 9 80 82 17 35 212 191 60 27 157 67 46 54 2 6 93 13 6 113 17 126 19 136 131 14 72 82 0 61 69 18 8 108 39 133 29 104 11 16 71 85 14 79 44 23 15 22 25 205 45 30 273 106 7 16 45 59 20 60 38 37 106 167 11 400 81 42 80 12 91 15 39 0 25 46 123 68 15 39 187 36 32 113 28 14 226 191 45 13 246 22 43 295 107 468 19
27 39 6 91 23 20 3 0 28 75 102 41 63 1 332 95 156 141 107 18 114 166 232 17 23 4 65 5 18 5 53 39 44 16 9 346 6 5 37 47 51 79 37 9 188 5 70 16 5 1 54 292 305 142 298 6 13 43 33 97 12 3 90 14 43 236 25 62 57 6 50 47 284 256 2 87 230 0 144 225 126 37 157 36 7 43 417 275 145 5 2 11 52 161 43 327 205 49 0 42 180 59 191 77 29 126 75 26 0 1 173 6 40 12 41 36 25 2 54 38 10 3 3 38 168 34 64 20 6 268 57 112 576 10 22 10 58 288 54 35 14 12 171 28 35 12 85 136 142 112 36 137 32 76 38 21 11 32 0 69 139 11 106 64 0 48 50 84 25 33 71 155 113 83 236 8 13 29 14 11 103 53 10 2 58 56 43 7 74 21 17 42 36 28 338 55 131 38 1 45 43 25 11 108 161 79 95 99 98 36 31 35 39 93 31 42 132 84 2 25 40 2 6 17 2 30 39 3 112 40 39 137 15 0 123 51 25 23 69 360 181 27 482 102 59 76 88 2 282 21 27 39 766 8 69 356
8 73 38 217 146 99 118 171 114 288 10 36 73 14 44 20 27 30 101 145 16 0 354 74 51 9 91 39 130 30 58 95 42 65 12 89 111 75 124 48 36 3 36 113 5 37 132 44 51 32 0 27 3 20 345 14 35 58 165 40 30 39 14 114 8 72 20 130 51 27 82 26 40 1 93 3 44 0 6 138 53 146 44 43 23 90 37 184 3 124 174 46 161 31 35 44 122 73 30 47 86 41 40 40 52 22 6 68 48 1 79 25 48 59 6 41 96 54 113 17 119 14 365 43 27 120 65 72 79 16 100 55 50 139 21 12 115 58 315 388 9 64 141 0 184 188 61 144 17 8 50 301 4 37 40 472 53 36 81 11 9 350 360 25 201 247 173 48 35 234 28 35 274 16 31 49 1 223 44 46 138 208 18 87 63 30 109 95 44 45 49 56 40 28 9 68 233 190 276 15 159 1 54 20 41 6 446 89 12 63 25 16 31 73 8 278 189 0 84 15 31 15 43 36 96 60 0 67 70 68 54 171 221 118 117 52 10 4 55 51 28 72 68 12 21 14 167 100 74 246 21 4 8 2 24 55
39 93 58 3 210 217 35 210 18 17 54 25 11 58 42 25 28 6 72 17 114 112 6 48 168 63 156 124 106 166 5 260 106 125 44 170 13 172 9 98 21 19 12 308 12 59 29 53 11 29 66 56 7 74 94 18 128 25 4 71 64 103 34 41 6 23 78 46 19 205 21 178 266 63 195 18 60 13 53 48 138 3 242 62 46 4 0 8 46 119 5 37 49 52 6 46 144 105 154 9 447 28 163 54 51 48 47 56 15 31 6 255 45 137 48 78 28 20 4 37 140 122 90 2 20 3 20 1 74 10 168 57 135 167 160 1 8 97 121 1 290 6 18 16 71 5 5 46 67 51 67 68 46 161 173 3 145 17 188 13 118 35 75 42 99 29 43 20 70 523 300 171 125 58 27 101 86 14 43 24 1 134 45 159 1 68 76 408 173 3 86 356 15 208 42 47 183 147 16 6 38 109 66 29 150 122 88 140 55 30 43 31 117 54 145 35 11 22 120 122 58 0 280 186 9 35 68 34 72 83 85 179 36 195 107 74 79 134 86 18 3 32 132 92 19 34 29 54 126 18 26 4 210 1 38 41
178 188 46 134 89 325 1 4 24 100 42 1 13 6 1 76 4 5 56 161 305 233 24 35 286 110 30 7 197 30 24 67 18 21 206 143 99 23 5 23 62 4 28 138 77 64 67 358 35 44 24 133 17 199 26 14 22 118 31 58 459 186 66 166 154 75 0 10 116 382 60 206 14 42 24 6 184 11 134 451 197 49 8 1 12 0 39 262 158 223 32 28 17 179 174 5 49 88 42 158 1 80 105 5 50 1 48 50 115 69 86 44 92 177 33 68 28 169 36 117 116 104 73 359 74 82 68 27 43 2 33 23 173 4 16 78 17 81 54 42 27 67 18 259 81 61 1 364 5 47 217 128 41 53 2 31 2 62 302 36 53 11 48 4 82 85 51 23 11 9 25 39 137 92 77 36 0 78 0 9 24 8 16 31 51 53 14 51 64 13 190 9 42 66 78 21 69 2 87 25 42 8 22 58 251 20 14 1 12 33 75 11 112 87 71 31 55 98 55 2 32 29 142 304 32 122 65 27 48 212 51 81 31 104 2 34 67 40 9 248 180 12 43 18 84 184 83 22 111 151 234 352 31 16 12 12
122 39 20 100 92 11 52 0 68 9 2 172 43 212 25 45 123 76 45 31 398 29 43 85 77 6 12 40 33 135 61 43 46 7 110 26 25 42 137 18 107 224 106 123 67 99 234 40 332 0 18 213 72 3 6 20 54 30 74 0 89 58 11 76 118 27 80 27 14 71 318 84 52 179 16 52 196 429 1 29 11 0 1 173 78 115 17 3 37 32 56 392 56 46 79 171 33 110 3 175 64 394 39 5 104 45 142 80 44 42 33 70 45 26 103 23 116 17 5 47 84 157 71 110 34 17 33 46 116 60 133 19 17 40 193 29 2 18 20 236 44 55 30 67 14 13 338 11 69 36 208 181 40 210 147 73 57 63 29 47 57 21 115 180 39 26 43 11 4 56 257 10 159 34 51 65 78 28 5 219 103 13 10 5 18 3 67 153 97 64 128 0 243 33 37 38 17 312 19 75 1 95 10 12 124 185 36 0 114 44 6 16 274 30 33 28 33 20 14 83 429 93 14 9 85 186 297 2 277 18 16 174 148 3 147 33 26 123 12 94 16 95 2 8 4 2 182 2 1 168 159 130 385 13 26 2
22 86 38 167 250 12 138 30 167 62 121 8 162 43 96 36 24 16 8 121 114 307 15 30 72 20 187 227 77 2 184 26 20 283 87 149 83 20 76 18 103 18 328 96 12 32 2 31 159 93 35 41 125 13 43 33 64 51 76 425 42 29 0 44 75 8 2 155 13 8 122 10 34 0 10 140 122 20 11 15 51 6 0 84 7 92 176 16 195 27 22 32 13 1 147 242 446 33 2 33 215 0 11 27 111 5 16 10 48 268 8 20 48 44 115 147 198 43 20 54 145 41 115 29 5 126 5 83 4 87 109 180 148 153 21 247 3 103 187 23 1 8 23 3 25 0 163 0 36 64 84 129 23 42 104 14 51 89 63 79 38 509 134 68 7 31 150 301 181 20 31 3 124 35 57 20 32 46 20 47 57 52 0 76 40 133 136 244 38 174 14 38 63 6 45 44 6 44 13 72 24 34 4 6 43 237 15 42 8 18 1 96 139 11 66 149 106 3 109 29 288 88 301 362 73 32 45 16 73 143 132 28 25 125 49 86 82 52 79 19 160 17 65 10 165 178 59 72 327 74 8 194 91 11 27 103
0 180 72 36 28 47 44 162 25 15 31 54 89 17 93 28 114 48 43 100 108 15 53 26 9 45 18 113 24 280 68 96 3 162 64 58 153 54 32 197 28 85 44 154 13 71 33 316 67 42 13 56 49 231 326 10 13 121 40 23 144 42 61 49 295 6 136 122 14 222 36 137 1 73 15 77 87 73 39 8 41 149 97 29 59 121 58 29 5 43 298 30 44 154 56 165 142 16 159 127 313 123 102 36 39 54 12 22 86 54 0 68 83 116 104 187 45 96 3 262 72 26 4 123 86 187 7 59 77 9 19 24 73 44 64 10 34 90 21 36 29 197 16 27 40 204 107 13 43 83 26 27 91 40 33 7 133 90 249 11 82 117 57 46 15 10 15 0 49 165 29 17 10 89 19 65 80 7 262 122 52 181 363 47 60 51 80 124 2 232 45 38 40 1 127 46 6 79 25 49 156 0 23 53 57 224 83 242 31 22 47 11 6 32 4 81 209 13 20 118 5 44 105 264 38 23 92 160 36 59 20 71 31 78 171 16 225 25 112 239 4 110 3 45 51 135 35 84 38 234 55 23 139 188 266 146
116 68 36 13 45 123 31 108 195 63 8 52 10 3 250 67 99 112 82 60 179 131 22 50 132 14 193 78 32 4 86 0 109 131 140 11 40 53 8 81 49 170 1 172 51 235 222 26 8 32 52 28 23 21 142 151 124 2 33 61 21 49 46 35 306 289 115 54 54 2 69 81 52 78 172 104 21 69 19 72 228 355 15 296 51 94 45 48 11 14 93 363 63 239 66 86 23 58 107 30 209 27 95 77 93 32 85 82 73 36 77 20 2 73 18 80 1 35 110 7 248 46 13 135 31 169 193 175 3 109 5 158 56 71 2 22 71 181 32 93 160 17 96 92 59 157 117 19 243 219 191 45 25 71 8 20 38 16 16 69 236 84 152 148 156 8 16 40 48 1 66 76 32 66 4 23 35 37 5 20 9 74 49 105 71 76 10 25 148 33 118 170 143 1 4 36 13 14 33 4 7 33 293 83 71 32 57 10 54 64 107 10 28 24 48 28 223 33 15 18 194 143 166 126 72 30 143 132 58 161 247 68 89 178 81 61 53 40 92 28 42 76 4 11 48 166 110 34 49 198 39 11 31 30 16 32
37 341 5 28 120 69 23 6 67 40 171 87 25 53 31 31 175 20 79 130 111 33 8 24 34 36 181 85 26 52 2 7 87 7 113 301 9 14 19 257 44 16 66 45 124 16 47 2 69 30 0 138 91 65 74 59 71 2 34 19 172 11 65 95 86 30 80 76 27 14 130 146 88 56 101 13 52 37 245 133 37 41 275 31 100 172 107 332 88 165 26 101 77 48 22 22 148 104 35 85 16 84 37 38 17 43 62 47 239 56 159 114 30 38 13 12 310 142 21 159 82 35 58 44 126 0 2 48 50 24 44 17 182 79 25 320 9 74 38 160 78 40 107 106 1 253 73 201 245 25 3 23 54 48 68 96 230 36 5 66 64 87 29 34 32 40 96 8 38 166 5 6 20 19 29 71 26 26 244 68 84 106 64 35 54 9 203 63 61 184 183 197 95 125 45 112 36 13 2 54 251 36 65 29 60 43 48 54 45 8 11 615 61 72 38 36 43 25 46 12 89 170 151 56 15 16 21 77 28 41 10 109 4 2 63 94 246 197 101 28 126 51 87 88 52 174 295 52 412 66 6 26 42 23 94 56
99 8 87 0 7 67 429 42 29 23 10 73 137 279 245 33 140 44 47 52 11 56 15 0 87 171 184 126 167 553 12 0 1 106 59 388 274 217 53 86 76 12 160 110 63 148 32 35 22 49 77 13 25 97 6 17 2 76 20 6 19 40 8 76 210 158 33 1 128 48 317 57 158 12 104 44 56 57 51 65 30 22 167 128 192 69 19 4 6 310 31 47 4 6 70 39 51 96 5 39 2 6 75 308 5 27 51 38 14 250 17 19 160 5 62 34 82 118 84 83 21 44 4 23 38 299 57 15 61 61 67 6 29 33 395 29 64 60 23 30 121 18 37 16 180 24 9 0 102 37 118 86 51 74 52 73 195 15 145 40 149 16 171 3 14 0 162 316 21 5 45 63 188 13 156 190 54 280 121 2 81 18 45 81 59 67 24 11 50 19 98 67 8 151 45 55 35 34 45 27 5 116 282 159 352 256 27 1 23 49 34 74 146 60 71 73 6 33 53 4 12 26 245 7 69 145 0 41 52 87 8 28 27 8 25 159 6 223 294 88 32 29 13 218 112 69 105 0 19 8 11 0 20 40 352 17
81 37 102 46 39 25 146 29 88 32 290 8 20 7 9 57 16 46 29 78 205 49 60 153 45 26 87 59 276 31 36 66 33 34 163 13 13 88 262 24 96 0 0 55 77 131 248 64 80 84 3 80 1 0 88 78 46 29 150 63 92 117 24 78 61 41 8 65 4 38 156 135 19 89 283 187 95 20 338 50 246 78 370 98 17 103 53 10 5 49 55 243 65 116 121 163 24 33 242 37 0 27 74 17 2 35 81 16 166 7 68 60 35 96 13 114 15 13 46 48 36 1 34 12 87 108 47 50 0 90 18 2 150 33 30 47 34 74 54 33 35 434 108 123 36 32 342 56 49 57 8 31 79 188 91 0 3 5 101 56 4 27 351 45 60 292 17 21 47 86 67 230 29 120 228 267 57 2 27 47 4 119 84 159 343 36 91 1 391 0 9 33 136 13 10 75 17 242 13 94 237 58 64 228 20 10 3 69 107 166 57 37 76 70 4 74 35 83 71 29 64 289 132 2 57 35 58 97 38 17 75 45 69 35 61 72 199 58 39 125 31 9 7 331 27 68 80 40 69 178 12 70 40 52 23 28
2 85 20 59 44 73 193 11 212 0 148 13 18 43 41 58 172 5 28 32 70 153 186 27 153 41 0 85 11 20 66 59 163 43 27 2 98 3 102 125 238 150 5 79 1 10 9 32 14 118 41 42 6 58 47 195 18 104 203 43 106 272 39 30 48 171 167 46 74 69 35 43 182 42 87 12 15 169 98 154 54 7 0 32 135 19 59 58 243 16 100 14 81 67 260 16 48 69 6 7 124 82 37 457 138 49 43 10 23 117 40 45 152 41 6 53 44 61 12 35 53 91 35 176 193 49 108 69 18 47 85 2 34 68 96 84 66 50 225 30 94 10 160 14 62 46 0 108 7 62 218 9 20 93 101 164 29 283 33 15 95 83 97 88 45 344 62 196 205 105 38 75 15 25 50 163 46 1 13 19 28 6 94 8 28 40 68 64 214 6 24 227 15 35 20 28 79 156 55 260 37 4 64 377 23 121 57 38 20 71 1 24 41 36 51 20 92 254 162 168 13 14 104 206 10 325 60 23 6 336 65 400 65 66 24 6 237 4 32 22 115 17 35 117 41 72 6 51 11 226 52 129 34 119 180 6
142 185 241 103 87 44 12 19 128 67 22 53 15 1 9 0 92 65 147 164 24 32 88 192 21 19 390 148 17 6 80 48 151 7 1 32 40 79 31 21 15 8 76 38 11 6 52 98 3 41 22 244 36 183 159 28 0 47 3 35 43 81 63 41 122 45 2 65 56 57 76 80 24 43 107 30 1 179 11 72 44 213 52 34 128 0 58 50 68 16 144 62 198 62 170 6 75 19 36 27 211 20 13 165 41 51 53 3 63 63 69 32 82 2 16 62 210 236 233 94 96 11 53 30 67 107 25 266 32 100 228 72 59 4 91 80 48 6 58 35 233 34 113 281 67 15 38 20 145 33 29 105 216 120 3 77 39 55 75 258 167 30 4 46 142 11 138 8 60 95 91 267 194 188 18 159 168 61 49 24 58 149 91 3 98 69 90 27 355 27 10 142 25 150 158 20 118 21 86 38 32 65 67 49 41 200 53 52 187 245 49 167 148 0 66 71 8 27 12 17 27 299 86 55 203 16 0 50 37 9 6 11 221 92 85 5 59 22 15 106 184 46 49 38 36 70 89 320 54 84 31 47 201 56 119 70
4 56 126 134 25 24 63 43 45 23 134 82 69 70 41 22 112 51 32 10 43 47 233 64 25 68 175 89 4 18 67 40 35 138 85 17 116 65 153 106 78 249 60 84 95 24 88 55 65 18 48 228 8 17 122 18 42 62 11 150 48 36 120 58 16 152 48 43 53 110 233 41 62 71 15 56 155 105 62 5 593 59 252 28 8 42 31 7 64 49 35 94 103 32 194 120 25 40 132 78 50 45 76 20 53 5 51 95 130 67 89 58 27 29 141 27 54 129 45 169 213 226 53 32 272 29 52 32 56 70 0 17 49 14 68 322 35 30 68 29 53 21 46 255 46 92 92 285 80 14 21 123 69 201 209 28 355 10 84 86 4 21 186 102 66 58 64 80 44 37 31 26 179 112 44 66 10 49 16 75 92 67 32 39 33 180 115 30 15 151 146 40 38 130 115 30 41 78 80 1 21 64 100 147 57 53 30 201 83 37 30 41 218 45 202 45 61 54 50 34 10 45 98 162 66 66 60 48 118 51 55 74 211 264 19 383 41 32 172 12 22 26 173 121 63 21 55 20 34 33 77 37 11 42 23 51
