17 69 37 69 49 18 72 70 14 65 56 11 30 15 67 27 33 86 75 71 100 60 7 56 31 20 1 24 78 8 19 36 21 55 79 43 48 13 16 34 157 35 107 24 63 66 39 200 23 98 58 99 30 4 32 27 134 0 77 38 100 57 70 23 79 19 44 43 94 128 43 23 9 24 79 65 34 10 5 36 26 73 119 29 19 0 0 25 43 14 252 28 36 94 185 52 95 33 63 21 40 40 18 36 18 27 27 49 18 157 24 73 15 10 47 5 20 15 4 36 39 52 29 43 89 6 74 17 55 21 23 14 55 28 64 83 29 0 38 20 106 1 13 25 20 59 24 46 126 48 49 28 0 66 68 3 37 104 80 35 29 41 69 12 32 86 41 31 51 79 23 33 72 65 38 45 44 59 50 16 50 0 51 38 24 43 37 81 32 44 32 12 48 0 31 136 32 30 40 49 58 47 24 50 203 63 21 53 42 36 32 45 87 44 83 121 40 88 65 58 52 19 34 126 50 0 87 50 68 87 7 39 23 35 54 82 0 44 5 79 62 80 39 12 0 55 23 41 37 106 3 113 7 19 33 111 74 10 42 9 18 56 52 14 55 51 19 33 33 23 55 0 96 61 46 37 0 9 27 107 24 18 42 92 2 62 18 36 74 118 89 62 14 44 68 65 23 76 29 76 2 43 113 92 35 55 109 51 33 68 63 0 83 3 82 111 49 17 49 77 41 47 27 19 58 88 62 93 2 109 31 68 48 120 42 62 54 51 50 30 40 15 37 83 113 40 78 35 108 143 26 61 74 42 24 31 30 94 63 8 35 52 37 22 47 105 12 23 13 31 22 47 21 34 124 88 65 41 36 65 89 38 37 7 16 26 72 4 72 29 0 127 116 60 14 60 103 51 39 27 89 71 88 10 52 95 43 16 55 14 10 68 69 0 49 126 65 123 24 30 66 0 3 61 0 39 13 21 11 65 47 70 29 72 39 89 42 5 20 15 29 25 31 94 20 29 31 8 20 48 60 76 16 116 9 1 37 49 53 19 115 9 31 64 41 51 26 41 25 23 98 114 98 66 194 118 64 5 40 25 110 91 59 27 39 58 65 223 137 25 59 26 75 59 41 32 34 31 85 59 5 75 1 17 95 30 59 18 23 29 12 13
49 13 14 38 112 34 92 104 20 19 13 23 42 31 56 62 61 20 38 112 1 1 114 58 7 0 84 33 48 55 26 23 120 24 45 33 67 18 38 96 84 30 15 42 0 38 15 96 28 25 16 173 45 50 22 40 4 80 160 21 268 46 35 56 14 28 33 66 35 76 80 44 29 110 131 37 59 31 15 9 48 62 6 3 106 34 85 95 149 0 30 18 32 7 54 70 76 99 15 92 120 9 30 9 113 28 40 33 66 6 117 13 36 39 21 56 0 18 47 54 47 5 12 18 32 81 25 14 68 58 24 79 33 25 28 73 38 35 2 42 84 18 46 100 42 40 60 8 137 57 44 29 89 12 69 25 150 56 63 86 63 28 40 18 37 64 97 9 8 16 92 223 28 2 32 121 67 30 48 103 7 43 49 83 41 73 137 3 39 36 42 89 21 30 34 28 49 62 26 4 57 24 49 24 12 121 106 42 44 30 69 35 96 25 11 24 100 28 48 83 32 9 46 77 133 83 34 31 30 65 60 35 16 22 80 101 116 91 50 5 43 14 62 18 89 95 7 6 49 42 56 63 128 12 1 3 0 44 26 36 27 46 38 36 43 78 4 47 14 43 13 36 19 36 38 30 65 23 39 39 68 39 39 86 6 52 33 18 9 31 17 64 20 117 53 7 23 60 0 26 24 29 62 45 51 81 72 120 19 43 72 105 78 69 68 61 42 97 82 65 202 31 5 97 18 55 36 15 76 54 162 70 15 21 51 4 55 1 97 72 53 10 96 10 21 21 38 19 4 100 0 78 67 78 11 56 44 105 2 6 2 14 17 29 42 14 46 15 58 35 76 30 38 51 6 36 31 17 53 3 6 8 60 103 30 107 102 6 44 154 60 43 29 22 57 26 16 43 80 6 95 47 40 115 21 63 33 3 0 13 60 16 14 20 34 41 16 44 3 0 23 12 122 82 47 97 102 27 0 85 19 75 25 20 42 23 9 43 72 26 84 27 58 57 26 31 49 33 11 25 112 61 52 56 34 40 76 91 51 123 0 34 78 75 31 32 68 32 153 121 81 29 1 39 101 41 23 58 26 20 3 98 44 28 23 30 14 47 172 62 16 62 62 61 3 128 57 66 84 53 323 3 95 109 119 35 51 33 52 61 37 32
65 40 24 16 44 86 2 5 124 38 37 24 119 30 48 41 26 84 39 30 38 55 28 70 29 46 2 36 118 6 37 131 220 2 29 0 135 171 13 14 25 59 49 3 23 26 82 0 0 1 44 76 9 21 20 41 45 85 58 228 96 71 48 44 3 40 33 8 22 52 52 9 57 27 83 105 30 49 7 57 0 231 0 152 116 23 41 53 17 167 39 11 20 30 1 76 95 50 21 16 78 33 33 8 49 37 62 208 1 27 41 10 92 50 126 77 117 32 31 71 3 3 41 9 36 47 6 89 19 81 31 40 89 63 10 46 13 79 48 55 25 3 127 114 12 19 25 140 139 45 1 19 6 90 25 9 87 25 15 18 26 64 49 7 75 2 26 30 94 2 26 36 103 56 0 42 34 15 57 2 146 27 9 28 25 36 29 76 26 88 47 37 52 21 55 46 76 26 35 85 54 48 60 37 0 59 46 86 96 136 105 129 14 18 46 95 21 7 2 0 104 110 32 3 74 30 41 152 54 29 15 3 29 116 10 15 61 28 91 42 56 0 39 295 71 60 69 99 23 39 47 91 44 52 41 24 185 115 7 15 17 71 55 49 25 169 32 18 42 53 84 25 92 73 0 21 21 140 26 15 4 19 34 25 35 4 38 44 43 50 31 38 99 34 25 99 51 9 82 85 39 37 14 30 35 36 150 44 67 111 17 80 43 77 3 56 90 97 43 47 26 84 118 61 56 92 58 14 16 80 5 4 21 50 14 37 36 39 29 3 33 107 47 18 39 6 59 54 55 39 58 75 105 68 30 20 22 93 193 27 42 67 8 41 47 54 19 26 1 28 82 65 151 2 44 6 23 34 65 20 35 77 81 4 1 23 16 44 30 72 23 60 51 150 79 7 14 111 17 53 26 3 40 114 23 8 102 53 1 24 45 21 13 0 18 95 47 121 75 49 163 40 8 53 17 57 61 81 21 44 68 45 37 34 65 104 7 48 20 58 66 37 74 121 77 11 6 15 46 27 86 19 55 95 40 27 0 30 19 39 47 35 37 66 45 0 56 112 137 60 68 30 44 17 33 68 27 14 98 61 19 115 6 56 12 9 24 22 115 50 46 27 14 53 40 32 69 43 17 13 30 16 29 94 25 2 64 89 48 16 0 74
30 36 17 64 39 29 2 9 14 1 182 15 12 28 119 142 9 0 27 23 70 69 15 47 29 244 193 59 6 70 5 162 5 33 11 30 23 17 3 37 3 21 47 9 3 67 0 79 11 24 43 15 41 6 154 8 60 51 11 31 17 103 0 12 5 36 0 14 246 0 5 25 32 16 4 1 23 1 395 9 0 7 61 16 5 19 13 96 68 52 70 4 9 0 3 15 23 7 23 0 6 21 146 108 66 8 0 39 32 53 121 51 5 11 82 140 21 11 10 17 151 7 48 12 6 31 8 45 283 46 9 6 34 2 6 20 3 65 22 17 71 0 49 47 35 74 5 69 28 67 46 33 5 45 2 6 35 5 22 16 19 10 43 48 2 16 2 12 42 1 2 96 72 0 20 40 91 102 73 131 50 27 255 30 69 92 251 0 41 92 18 112 23 97 63 1 76 193 7 43 35 26 94 53 68 175 36 34 100 16 30 0 67 1 111 95 64 110 26 17 137 22 24 37 8 202 6 29 5 281 257 3 16 27 92 164 134 84 57 0 75 39 3 22 63 44 17 77 32 176 4 15 15 102 122 22 1 27 56 81 0 6 11 5 44 351 7 134 2 19 14 0 43 13 1 1 20 38 63 26 189 16 51 27 46 69 93 22 29 15 46 1 65 158 39 75 40 1 54 2 46 111 12 5 12 110 23 62 100 43 95 27 26 2 19 88 28 3 23 58 11 3 76 60 0 1 74 3 27 13 31 70 343 34 4 215 53 156 67 0 92 1 7 18 0 0 13 13 19 18 9 41 37 2 19 1 11 55 44 18 83 15 21 12 44 32 4 13 58 20 157 12 5 18 342 14 38 9 23 24 0 128 11 9 17 21 57 10 1 64 149 125 76 15 123 99 6 52 95 32 26 0 70 151 42 125 84 24 239 290 27 24 0 7 34 1 31 16 10 17 7 1 4 87 34 15 48 23 9 17 141 6 51 77 54 13 59 14 7 0 49 376 53 24 187 1 0 95 11 9 40 11 36 4 4 37 52 67 56 65 12 28 80 44 1 50 25 6 49 27 27 54 2 88 49 20 174 6 309 15 0 77 11 28 8 12 8 1 16 32 53 63 6 0 16 37 113 32 56 91 50 7 77 410 155 25 10 301 28 109 37 59
0 57 189 31 27 32 32 9 8 220 7 42 26 57 32 11 7 17 0 99 35 6 95 68 61 51 36 14 84 33 1 37 45 1 61 42 11 3 0 45 0 10 28 3 26 25 4 16 35 20 36 2 4 55 36 0 48 16 79 212 15 20 119 40 11 0 128 28 68 11 77 14 0 209 42 0 3 1 38 23 14 27 21 29 147 27 70 36 12 38 2 31 51 80 10 17 74 192 70 36 5 178 49 48 22 6 54 35 48 7 109 0 2 67 31 135 4 56 35 24 52 33 9 22 6 62 36 0 39 4 52 163 76 0 18 8 16 27 31 54 9 57 172 51 61 128 79 12 32 39 6 14 39 50 2 14 300 0 11 25 7 27 64 122 1 2 75 4 24 13 234 32 0 87 0 35 3 7 43 16 0 4 15 2 6 0 56 11 33 19 38 30 52 49 10 31 19 54 383 208 18 2 32 38 4 30 16 9 7 92 4 13 34 28 0 33 40 73 12 2 16 291 117 55 3 1 236 175 3 6 47 0 22 55 12 121 51 40 32 0 59 5 1 46 6 44 290 22 0 8 5 27 166 130 2 3 23 124 36 17 8 60 30 24 0 43 0 31 10 17 61 3 17 327 385 13 19 160 14 144 3 35 2 75 60 1 19 39 140 91 17 81 1 28 52 19 56 49 0 34 59 22 33 24 62 17 125 106 85 109 31 24 44 29 50 18 141 68 10 236 7 104 78 472 41 316 22 54 24 38 79 106 102 29 3 1 98 8 0 62 34 10 79 1 105 89 51 27 29 45 3 8 4 0 6 67 5 96 126 28 217 5 29 56 90 79 89 102 2 8 46 36 0 20 43 0 45 1 8 36 6 56 10 70 45 15 31 26 41 42 188 112 106 45 46 83 22 15 17 29 17 0 36 165 32 51 87 18 17 22 39 79 39 11 7 10 126 49 6 1 47 19 168 27 126 53 29 8 59 109 423 31 35 17 51 60 458 34 70 3 25 29 13 38 11 47 2 31 27 40 6 15 83 47 27 56 10 7 103 48 25 46 35 32 72 244 55 85 104 25 34 49 39 12 55 20 43 24 1 40 83 15 17 2 22 75 17 90 76 55 18 9 42 15 1 57 77 0 13 44 30 32 49 9 58 17 283 65 16 99 29 14
35 129 51 43 184 45 54 13 11 63 106 57 16 3 33 50 0 11 23 0 103 78 24 49 62 1 69 81 0 68 21 29 63 85 70 79 51 108 3 38 38 52 12 1 14 26 55 97 42 77 36 8 39 64 32 101 77 59 40 0 59 107 1 28 41 21 46 11 80 38 8 76 11 37 90 28 40 2 1 31 57 2 27 31 133 72 17 42 22 7 50 98 1 51 82 1 24 28 141 62 188 121 0 5 115 0 78 40 91 13 100 55 109 45 43 23 119 11 145 51 127 92 16 4 0 20 25 30 68 82 30 68 19 38 30 30 77 43 20 65 78 50 80 106 28 61 29 36 246 74 0 3 0 68 117 13 36 7 6 19 32 91 48 102 30 31 15 103 43 35 13 11 24 31 46 36 6 57 54 0 32 26 7 21 68 32 91 45 137 56 94 50 15 11 32 50 64 41 39 33 3 62 51 85 241 7 34 25 1 29 10 3 33 38 3 40 66 56 83 6 175 7 70 4 35 6 42 17 88 0 9 40 2 44 98 1 192 35 24 44 79 50 43 6 31 28 53 59 1 11 47 28 29 39 9 31 33 26 34 1 22 50 20 84 19 9 50 2 38 8 50 4 21 45 62 30 65 59 63 37 87 77 4 93 88 29 87 51 96 7 36 10 115 429 63 17 55 68 86 274 16 44 50 3 79 24 12 21 8 11 67 23 48 22 53 17 44 68 57 145 6 168 8 2 35 13 27 91 0 34 5 94 8 46 14 45 79 37 26 40 30 4 93 60 45 5 101 18 57 53 75 61 81 48 113 65 83 0 99 37 63 37 55 5 41 12 70 200 93 162 38 12 10 45 65 6 105 38 44 93 3 14 147 32 92 4 6 97 33 5 41 25 77 25 16 2 2 75 48 45 5 20 68 43 20 207 16 4 8 4 47 81 34 19 43 66 52 78 3 22 33 121 182 2 67 45 70 44 23 35 54 4 5 177 35 29 102 123 295 6 10 61 33 27 187 51 135 72 37 29 1 37 2 26 74 30 35 47 67 85 60 12 21 28 22 58 133 31 134 36 46 19 40 0 11 51 46 97 119 55 11 48 80 45 54 35 56 41 50 14 2 112 41 56 0 2 69 80 50 203 65 43 22 53 14 10 14 49 42 18 27 1
153 52 9 32 54 66 28 64 32 7 67 127 28 57 54 11 19 135 23 24 8 11 21 14 75 10 70 53 23 12 5 59 96 101 8 62 6 107 4 27 61 33 88 4 61 29 100 2 22 44 40 73 240 24 68 13 11 3 46 28 30 5 8 56 8 48 94 22 76 331 9 16 3 39 28 40 27 5 75 28 234 118 0 10 47 67 23 39 31 38 49 29 6 35 43 188 59 111 113 66 49 67 40 45 12 16 16 28 29 14 62 34 140 25 11 35 18 1 62 50 20 100 53 8 58 182 64 15 23 82 65 25 49 136 70 46 46 7 78 0 80 44 36 68 141 54 55 28 37 116 34 35 74 57 41 24 37 88 106 53 50 24 53 3 68 95 23 18 115 14 81 0 6 95 28 42 85 30 128 33 42 30 112 73 74 89 18 42 27 31 29 61 31 73 46 57 38 84 78 3 0 46 172 33 73 13 21 28 64 42 71 27 88 10 63 24 13 20 32 27 36 29 1 106 33 8 14 17 31 15 43 93 27 153 57 9 41 62 4 28 50 18 18 38 10 69 39 50 46 7 43 47 13 34 0 25 70 60 46 82 61 5 2 56 42 0 18 55 10 104 42 45 30 6 39 131 2 15 82 26 178 38 16 88 34 141 151 19 60 27 147 39 154 19 16 17 74 6 36 18 8 17 34 11 24 17 53 107 23 65 23 7 21 44 35 14 41 51 39 20 133 18 98 18 27 93 124 48 0 157 49 16 18 100 8 17 0 75 22 12 0 149 123 1 66 239 3 84 10 71 8 50 24 104 68 36 80 68 86 29 25 19 41 50 54 69 8 15 17 40 106 28 101 16 23 15 26 31 112 61 18 78 49 33 170 19 57 76 155 41 24 35 11 54 60 133 189 51 8 68 21 35 108 47 20 21 47 81 31 39 14 23 25 20 31 64 32 16 47 32 13 22 18 46 0 38 2 46 20 45 6 15 66 39 32 103 33 121 3 27 32 17 34 16 34 92 74 23 9 122 48 86 46 0 35 62 13 3 168 62 6 40 135 95 6 42 4 11 60 202 6 35 59 17 34 29 47 31 6 18 96 37 41 128 63 96 95 24 104 28 32 38 32 65 38 44 78 59 25 152 17 28 22 3 15 81 186 23 49 39 109 59
43 54 127 35 0 80 31 21 111 34 56 60 21 30 46 6 28 78 26 11 51 16 26 6 92 14 87 64 76 4 23 66 49 85 40 17 24 84 19 0 78 54 5 28 52 23 36 20 29 35 33 70 26 29 23 78 20 23 42 44 107 98 13 17 13 70 84 15 19 29 35 57 107 49 23 81 104 78 110 3 133 167 69 25 103 19 47 146 5 17 21 25 94 70 52 15 50 7 49 22 26 46 48 80 1 38 26 69 197 4 1 8 201 104 4 27 87 32 37 43 114 16 38 66 45 30 11 39 65 46 0 6 27 20 57 24 48 21 1 71 30 45 28 86 143 45 47 56 57 13 52 2 15 3 68 82 88 2 146 16 9 32 17 32 31 82 57 46 29 22 35 75 22 43 44 34 44 27 46 4 10 29 62 29 38 37 54 105 31 58 74 53 86 41 29 85 37 79 92 29 8 5 191 2 49 57 75 14 29 2 7 14 76 71 65 36 5 62 14 9 6 51 60 41 19 257 44 35 91 14 29 45 27 5 110 67 16 23 109 195 44 30 150 9 47 8 2 14 11 20 86 80 23 145 18 36 42 29 112 35 54 72 58 59 42 81 10 24 29 53 203 113 54 25 93 14 86 22 14 79 21 25 67 22 15 27 6 124 176 10 48 32 6 7 19 24 7 31 44 16 12 28 81 193 22 32 56 15 66 29 21 24 142 11 32 15 150 31 128 42 42 29 24 68 80 12 30 179 13 15 4 19 32 25 28 39 3 2 2 64 0 98 11 41 6 77 161 19 19 25 81 69 21 107 87 12 42 45 53 217 67 7 263 115 141 55 10 51 55 0 18 49 61 0 38 4 20 19 101 2 30 58 114 47 49 1 100 41 16 12 54 1 103 33 44 47 31 54 5 121 162 143 109 5 17 120 20 7 15 12 75 2 107 65 139 18 45 48 114 71 28 72 39 142 47 55 43 31 19 59 68 30 28 9 3 1 74 91 179 7 39 38 77 30 50 156 0 2 15 34 66 42 79 25 51 55 5 63 34 9 2 84 81 6 23 50 63 12 5 39 31 134 72 51 59 47 33 31 60 31 82 47 2 1 170 47 0 10 49 231 34 110 39 64 113 33 70 3 2 71 34 66 21 13 20 75 38 45 61 58 7 1
16 2 194 74 53 9 24 8 3 2 10 167 44 7 0 59 37 12 40 71 229 29 7 10 57 1 39 42 106 1 42 11 29 19 29 55 0 1 193 50 21 74 6 37 13 33 46 18 0 37 2 210 1 38 29 0 18 109 4 29 24 72 25 2 34 5 68 83 44 144 47 56 14 13 0 8 89 36 97 63 20 142 25 2 20 13 14 214 76 8 27 30 80 52 1 3 1 224 0 0 236 19 18 2 13 2 1 24 32 35 73 52 66 8 5 101 19 33 2 23 22 12 11 7 1 1 71 67 5 60 11 30 297 28 8 2 13 34 69 18 48 28 1 32 57 53 71 46 36 33 28 70 12 46 58 39 19 134 8 32 150 56 22 98 0 20 21 10 18 27 225 56 132 30 39 126 14 30 16 44 54 101 31 116 74 5 84 61 117 51 45 161 78 106 18 132 0 0 41 154 31 7 21 20 73 128 31 2 58 68 88 27 5 52 11 44 309 35 14 23 79 38 9 22 73 262 6 20 51 16 29 51 24 20 7 40 102 4 16 105 32 39 14 0 75 4 2 104 15 27 21 58 122 144 72 34 1 3 12 14 67 40 73 26 1 62 29 2 64 35 53 24 111 49 18 96 52 48 6 6 23 76 41 226 37 19 15 0 28 26 1 20 38 447 1 12 17 160 0 94 18 49 51 9 90 103 67 45 50 26 34 0 7 70 97 17 5 50 452 30 9 103 94 65 41 130 15 35 37 21 127 57 22 2 26 38 8 14 2 66 189 13 0 130 31 7 5 42 2 48 38 13 55 34 6 239 183 43 82 89 12 92 11 39 26 227 36 10 5 113 309 74 6 2 28 70 47 41 63 56 36 29 0 55 263 222 41 36 8 1 14 1 36 10 31 4 4 68 1 353 9 8 88 18 35 11 35 26 105 20 31 34 124 36 11 194 6 8 36 24 39 96 101 38 10 21 34 108 18 122 30 63 48 0 95 0 0 35 9 78 106 21 96 88 3 23 5 11 44 1 12 45 20 17 20 11 62 6 68 4 11 20 194 1 47 52 51 191 92 66 28 41 34 40 6 10 3 82 6 6 92 4 6 7 27 1 39 30 0 111 24 67 2 52 43 44 48 67 0 81 193 12 34 42 6 40 15 206 1 53 58 1
197 6 162 136 2 129 18 33 53 2 245 3 0 51 72 22 36 204 173 62 5 46 4 275 51 10 20 35 64 126 51 1 82 37 55 45 107 18 37 29 3 6 100 2 122 71 41 13 25 53 24 15 0 1 0 41 156 9 48 6 65 21 59 34 5 7 12 24 135 68 42 42 27 13 32 8 52 58 178 8 9 130 6 22 18 20 28 17 50 71 14 7 3 7 326 16 23 13 1 1 0 271 23 328 3 0 29 0 44 2 7 155 10 3 11 29 7 6 70 26 6 2 11 131 36 33 37 53 2 16 50 17 70 54 1 42 17 94 1 78 3 13 31 265 46 11 13 54 4 13 7 10 110 50 70 89 192 10 44 3 9 49 0 60 41 35 24 41 6 104 25 86 16 5 33 6 24 1 4 7 63 390 50 58 10 59 48 35 22 6 13 0 58 9 168 56 3 54 12 9 45 11 64 22 24 5 11 56 1 6 96 535 86 44 164 2 1 66 22 13 52 129 0 48 17 65 1 46 166 46 315 7 17 30 0 76 23 32 22 80 37 14 51 98 9 74 16 51 41 8 34 7 18 74 389 33 34 169 53 38 51 21 289 32 67 8 31 21 6 38 6 145 27 0 61 12 6 28 9 9 23 15 38 0 26 87 11 0 255 0 20 28 104 45 5 20 12 1 25 94 69 34 7 14 73 7 1 22 40 42 6 16 0 30 18 14 44 0 119 20 39 78 22 11 10 46 0 70 85 48 70 23 29 10 0 32 12 26 15 181 27 6 2 0 56 1 24 16 36 6 34 1 36 9 0 53 28 32 10 0 203 90 15 54 42 10 2 111 43 38 7 4 22 19 10 0 76 0 11 14 1 22 1 16 22 23 28 48 15 29 0 59 3 14 25 46 23 2 45 91 1 11 8 55 14 39 16 35 164 6 285 38 58 11 75 46 183 22 4 21 217 16 79 325 76 23 237 33 22 44 46 15 79 11 14 152 10 0 3 19 6 60 14 82 2 19 265 13 227 4 61 19 309 12 22 53 121 22 21 0 149 61 121 63 41 2 87 1 0 58 16 103 11 3 34 62 133 0 393 13 10 150 4 64 104 5 63 101 61 68 1 65 5 35 53 23 65 47 7 157 22 55 16 31 40 4 55 5 383 8 19 90
35 45 94 92 39 18 57 4 79 42 53 6 3 300 16 5 70 10 30 2 33 3 93 6 28 27 85 236 103 60 21 52 12 6 15 136 61 32 50 3 9 76 34 44 15 33 17 36 75 19 88 20 162 21 23 174 32 29 52 146 53 40 8 51 30 43 70 24 32 15 1 51 0 17 2 21 37 5 86 49 1 36 37 1 42 16 20 88 137 44 10 64 36 8 12 23 123 15 71 0 8 4 41 18 154 26 22 67 53 4 7 24 63 131 54 17 18 7 68 8 42 6 23 17 20 23 0 5 3 170 80 37 1 38 37 0 5 17 25 84 5 8 125 56 111 55 21 50 58 6 32 10 14 87 8 57 60 60 172 16 0 83 102 78 11 23 11 41 13 3 77 11 80 221 66 34 56 128 69 81 51 35 32 4 16 2 1 46 18 6 4 20 3 118 58 55 55 29 34 35 10 39 2 135 6 10 39 61 120 22 10 157 106 37 187 1 81 58 31 4 64 2 46 73 19 40 49 29 29 38 5 319 25 58 78 46 266 52 55 149 149 29 22 67 14 32 40 31 150 11 18 16 8 36 13 12 10 17 66 3 25 20 14 100 65 71 14 108 38 5 24 2 55 102 109 72 1 26 70 112 95 12 75 2 37 36 43 6 52 47 227 34 22 59 0 30 98 12 11 103 1 100 143 26 33 67 1 659 46 24 20 123 30 30 115 24 9 142 26 2 34 8 72 65 31 89 81 47 0 15 32 3 22 32 49 28 31 3 7 70 45 105 17 31 74 176 54 51 68 53 0 71 51 92 123 58 77 11 14 10 42 132 88 99 124 76 24 78 40 56 63 24 58 6 16 6 67 16 35 22 21 64 45 6 119 23 14 8 57 22 20 35 64 162 60 20 27 38 84 0 165 4 13 37 30 29 19 60 21 40 55 114 14 36 10 68 142 15 6 93 37 52 13 39 143 18 28 96 25 33 49 3 69 29 70 22 25 115 35 34 21 74 44 29 23 77 23 291 41 1 14 252 40 36 48 9 157 56 96 112 35 118 0 4 0 39 1 17 39 46 51 9 62 8 57 14 29 120 52 11 59 5 7 31 91 72 29 76 150 38 97 20 90 16 84 55 21 8 4 4 17 60 24 13 38 28 3 57 74 22 38 5
107 7 97 180 34 22 0 5 57 278 4 0 66 11 54 38 174 0 136 9 9 66 31 0 90 43 24 5 93 6 116 4 31 84 33 24 4 1 138 0 0 0 7 6 2 12 134 40 28 30 35 12 0 83 18 85 11 47 44 12 29 12 13 20 12 72 170 144 5 32 2 114 5 41 6 0 18 43 95 66 20 110 81 1 99 37 74 4 42 146 79 23 36 4 292 87 22 31 47 49 35 4 19 2 69 35 43 6 26 19 81 208 2 92 3 27 7 99 6 10 12 25 9 69 0 46 22 136 66 12 55 68 24 269 45 16 22 7 213 29 3 16 63 3 19 39 49 12 58 53 34 12 4 121 66 7 6 101 27 1 21 2 6 71 6 48 59 12 106 12 25 52 325 9 32 35 10 44 183 26 30 165 22 81 12 37 1 13 3 11 56 23 52 35 65 123 35 13 6 1 1 146 57 9 7 52 14 20 7 67 28 0 15 22 103 1 41 6 124 2 286 61 50 38 26 13 0 187 3 87 23 11 43 82 318 30 26 65 5 43 256 11 52 66 84 81 25 57 23 211 36 42 64 60 16 16 31 80 80 19 5 68 18 15 10 7 25 2 77 35 51 53 30 139 74 22 12 74 33 0 106 155 21 22 4 32 28 177 23 12 9 147 20 12 111 133 73 19 6 3 22 8 74 22 56 58 16 18 85 0 1 393 47 21 14 4 16 81 43 128 20 20 142 2 21 111 29 3 4 41 20 13 16 5 2 12 57 0 0 192 30 0 34 53 75 142 113 13 18 20 35 37 10 71 39 25 40 6 30 54 3 30 57 49 2 102 29 65 55 4 29 298 4 34 2 73 37 132 60 50 85 2 42 61 35 0 102 19 35 129 30 74 173 17 23 200 21 89 0 31 30 68 67 83 22 3 3 35 7 5 57 22 19 31 55 49 29 30 0 81 27 50 115 147 15 27 4 27 104 49 80 143 65 3 61 17 1 132 19 15 25 13 50 67 5 89 150 24 88 15 9 16 68 44 16 50 264 49 19 0 34 0 55 32 47 22 31 24 157 60 11 9 403 0 47 27 83 62 14 6 25 11 0 8 4 1 26 250 5 238 9 13 28 99 34 3 47 21 2 24 188 20 27 92 12 0 24 36 155 7 14 38
111 0 704 42 36 8 57 36 85 45 177 14 72 29 5 12 2 18 8 6 17 46 43 23 4 38 4 1 51 92 9 45 17 22 35 144 10 194 26 20 43 43 62 6 17 6 52 145 42 6 34 321 3 64 0 101 31 46 2 4 37 0 35 137 63 15 67 81 17 34 7 41 6 8 3 78 69 74 61 17 208 42 1 0 34 81 13 69 6 9 29 69 6 56 52 28 23 72 30 78 0 0 1 5 81 125 7 39 164 27 11 71 35 89 52 20 10 39 8 9 30 69 54 73 19 18 57 71 20 38 17 17 28 1 1 71 63 11 25 118 297 4 14 210 34 23 14 32 40 18 51 119 83 33 41 121 36 20 2 18 164 42 67 32 35 87 9 39 139 8 96 12 41 28 90 33 43 38 26 19 56 46 13 23 26 0 12 26 16 26 57 41 63 24 17 0 11 13 48 33 7 27 60 95 36 46 48 2 81 44 3 30 2 5 111 31 100 306 31 33 192 59 2 30 48 59 10 5 232 8 52 22 0 85 129 46 3 10 6 25 50 30 54 31 12 4 111 12 30 70 6 39 59 121 54 45 43 22 48 197 2 17 86 12 55 86 85 35 0 61 15 110 62 8 1 57 87 52 22 5 42 62 88 34 12 17 33 55 179 63 160 31 26 7 66 2 47 28 90 50 56 29 61 82 184 36 46 72 5 4 39 72 28 20 8 62 133 32 44 9 0 61 43 34 185 6 34 73 54 43 0 137 35 67 7 11 20 9 196 26 43 88 31 33 0 88 30 82 15 7 8 49 13 56 35 40 122 10 24 24 95 1 0 47 68 8 140 39 126 70 35 11 128 5 9 48 64 44 77 37 91 1 19 2 10 22 34 0 180 54 91 18 35 3 387 78 61 88 15 107 52 12 14 7 92 4 47 0 86 21 71 16 22 239 65 91 19 98 27 88 154 128 2 35 15 46 83 12 13 67 14 0 136 47 25 34 19 19 29 17 96 36 83 7 332 126 13 4 4 6 30 11 12 58 25 43 146 49 37 186 49 9 34 41 4 21 31 76 66 19 89 19 14 6 60 32 38 12 37 107 4 54 29 35 34 0 9 8 20 27 56 19 11 33 73 31 39 80 94 56 14 116 55 20 0 27 40 44 81 45 42 7
0 20 4 78 1 6 40 81 0 24 7 27 0 88 69 76 9 23 4 33 7 6 40 36 2 60 73 38 103 36 11 25 64 19 52 160 161 12 14 2 210 99 46 65 34 10 84 83 36 29 92 19 38 35 150 89 68 13 31 14 39 40 30 17 50 54 23 39 84 18 35 27 125 3 58 43 47 46 8 19 12 5 35 40 50 54 35 21 8 2 40 63 581 114 14 6 122 64 45 20 16 108 42 2 18 8 122 33 84 21 113 3 14 52 43 25 34 8 13 36 2 3 15 70 24 10 3 77 144 48 191 35 12 11 10 12 25 21 37 4 2 2 39 16 55 54 52 47 101 27 80 6 32 56 19 48 3 72 40 36 89 14 254 24 1 56 6 479 65 18 39 85 13 110 26 84 37 77 56 46 50 4 25 13 36 1 3 19 27 44 12 2 35 15 18 70 254 10 103 0 3 3 136 47 6 43 52 10 28 3 52 1 22 16 13 3 7 19 16 24 102 4 5 36 38 31 31 80 122 25 43 1 41 35 12 34 8 21 88 132 15 72 19 47 17 16 56 47 80 17 134 6 50 106 40 19 0 106 40 0 78 30 81 44 3 12 78 4 27 55 27 78 4 75 18 37 37 248 67 0 18 41 35 50 63 5 175 22 28 4 81 47 35 59 27 9 75 48 5 9 40 1 91 57 91 12 60 27 7 70 46 216 20 43 17 22 40 12 52 10 44 35 79 5 24 6 3 0 166 127 51 20 108 31 121 86 11 3 5 103 6 24 9 44 78 157 68 213 153 1 348 43 112 4 22 56 54 6 7 62 9 18 4 16 44 51 61 23 1 37 105 54 46 13 30 3 26 112 29 71 14 78 39 49 34 194 44 175 9 4 42 34 36 40 32 3 163 67 62 77 95 41 120 59 85 8 33 10 13 150 7 136 23 16 44 41 91 7 225 167 96 22 7 126 3 2 40 166 79 28 33 0 30 398 43 53 12 26 14 37 19 114 6 7 76 28 9 79 21 25 15 27 57 17 143 213 1 11 8 63 78 9 28 89 20 18 14 90 375 3 9 24 73 2 81 4 44 36 19 11 0 44 39 61 11 86 200 117 83 105 3 29 27 78 4 21 9 40 26 67 9 36 10 44 25 15 157 1 21 1 29 55
16 69 38 3 85 44 33 9 22 14 22 13 1 38 52 27 104 66 6 20 37 69 233 10 15 0 51 0 44 33 33 30 38 172 1 2 125 218 20 12 43 31 50 8 9 25 240 108 4 3 35 1 18 56 8 0 122 47 82 82 15 32 46 11 61 72 2 38 21 25 27 27 4 19 65 2 226 135 137 12 32 1 141 4 50 30 210 8 2 1 126 5 73 12 39 25 54 8 86 9 53 7 2 99 34 13 35 67 28 61 7 19 3 5 40 21 5 105 30 4 21 1 13 48 53 97 45 197 32 3 54 14 23 24 225 10 23 49 119 37 44 47 171 90 254 30 39 36 45 122 2 52 3 296 12 0 9 2 20 17 172 2 12 6 10 43 31 27 26 23 17 111 204 79 0 45 17 24 33 44 17 18 17 63 8 77 17 243 44 24 23 4 37 0 1 52 2 124 1 188 3 16 8 199 25 3 22 30 10 17 25 23 154 42 16 54 1 9 72 6 2 17 45 4 63 7 43 0 14 15 16 4 18 62 12 81 29 30 69 15 10 40 193 124 12 210 0 3 24 35 51 51 84 6 161 11 14 23 49 17 48 61 140 10 5 24 8 33 33 5 0 7 16 30 32 3 15 53 57 0 16 46 33 84 1 486 6 21 107 13 1 19 145 19 48 27 10 7 101 123 252 32 30 41 53 8 0 4 19 41 90 37 14 2 14 5 3 12 31 75 29 36 0 41 2 6 18 7 12 42 2 123 5 19 34 120 0 17 5 18 1 66 12 36 9 31 7 29 13 18 1 65 15 180 84 73 63 108 9 6 43 2 1 60 43 37 72 51 28 53 0 54 40 40 34 77 61 211 18 33 4 64 2 154 104 7 2 147 110 0 40 37 1 3 52 4 62 42 88 1 3 17 74 10 76 156 94 314 107 5 132 20 160 12 1 6 23 67 12 67 31 59 19 28 58 25 65 19 85 89 26 122 158 9 75 37 51 196 46 82 7 110 54 1 127 18 11 1 83 39 11 54 269 65 73 31 9 6 0 78 122 62 77 16 74 71 9 17 114 25 282 101 45 34 0 70 85 0 19 52 43 19 28 13 37 82 163 36 28 52 60 3 13 6 37 20 17 78 75 3 599 27 5 166 246 2 96 83 15 34 67 47
0 17 74 0 6 8 97 1 343 1 0 34 424 0 0 582 3 3 0 15 17 1 56 1 16 3 0 29 1 36 0 2 0 1 56 0 1 23 40 62 1 3 3 0 0 2 1 18 1 5 417 39 339 5 10 15 2 15 4 3 4 7 1 6 3 104 44 3 9 224 38 26 1 248 24 31 1 38 8 2 0 341 46 1 4 240 8 17 3 93 3 39 0 2 23 3 13 9 296 6 88 3 13 53 2 1 13 35 2 3 270 18 9 6 0 4 4 26 0 4 8 12 10 42 24 1 245 0 0 13 0 0 33 0 2 364 36 1 11 11 164 94 99 1 0 22 1 11 2 1 0 2 4 31 1 341 142 0 3 1 15 80 28 7 10 48 4 46 0 191 8 2 290 10 57 24 5 188 8 9 19 0 85 17 1 74 11 165 35 43 13 43 1 282 1 78 1 214 2 77 52 10 8 1 53 49 8 0 28 142 1 41 23 0 61 33 15 2 182 1 169 89 141 0 3 26 44 17 1 330 2 10 7 16 1 11 0 27 5 163 12 339 9 11 0 359 10 0 156 0 150 28 8 3 7 11 7 2 5 3 95 280 45 0 30 183 35 6 21 1 1 1 7 351 21 67 19 4 1 55 1 0 21 205 0 2 13 5 47 150 5 267 56 16 6 175 30 120 5 0 155 17 4 34 58 1 1 11 18 5 0 46 0 5 1 18 1 3 154 43 94 3 0 30 0 58 0 251 26 29 60 73 18 4 24 11 11 1 5 6 218 16 21 308 8 2 104 174 118 1 13 239 436 46 20 55 10 10 37 12 20 27 17 508 105 54 0 0 16 0 5 19 26 234 55 34 267 27 4 5 105 4 12 2 2 2 0 293 5 113 16 13 119 0 18 55 1 93 33 9 1 5 0 0 0 24 5 57 69 2 0 3 144 1 78 3 54 36 16 16 43 3 24 106 25 2 32 3 13 15 4 99 375 17 6 5 23 23 8 4 62 0 358 5 13 5 18 2 21 18 56 366 245 15 9 5 9 4 18 42 108 62 0 0 8 38 8 0 0 18 16 1 145 0 15 21 1 36 12 22 11 21 120 1 312 3 406 25 8 21 1 6 41 0 122 58 41 4 55 11 303 8 33 0 0 1 15 9 297 5 7 11
46 0 1 86 10 3 0 15 57 19 0 31 1 0 0 6 30 178 22 1 2 15 83 123 55 6 36 10 14 58 4 49 48 29 0 131 26 7 11 40 5 2 100 63 0 2 101 55 1 4 16 85 19 4 76 1 17 2 109 17 1 105 3 9 59 26 4 0 0 1 82 25 6 17 57 7 49 281 17 1 21 0 120 1 13 1 8 2 157 5 47 240 32 0 165 7 26 15 59 1 23 44 1 13 1 0 102 189 9 24 90 17 7 0 18 74 103 56 13 0 0 1 154 7 14 2 18 17 1 1 218 42 27 0 37 55 0 18 32 41 11 45 36 209 0 25 14 24 82 21 10 56 48 137 7 39 2 20 6 48 2 2 0 12 19 1 143 21 28 2 31 33 214 138 12 134 72 59 4 42 2 10 528 92 0 26 0 64 1 139 40 20 2 7 4 125 1 23 5 4 11 78 400 32 114 13 10 0 20 13 2 21 5 15 15 0 19 88 0 1 16 32 3 213 0 33 357 28 117 2 57 6 3 13 7 29 0 106 40 2 54 88 24 163 515 50 3 4 29 69 121 369 1 0 27 9 47 5 33 33 375 9 32 4 18 45 32 33 0 10 245 307 23 4 37 4 37 41 62 31 0 31 21 2 2 68 2 2 2 1 162 4 0 0 119 71 86 13 64 257 36 4 80 9 24 41 48 37 34 3 17 74 183 0 26 76 1 19 62 9 401 10 320 6 45 59 121 21 35 8 11 11 14 145 48 0 2 2 15 1 330 0 120 7 0 25 58 6 188 32 6 25 33 13 7 5 3 31 28 22 1 19 131 9 0 19 7 14 3 0 0 6 10 0 36 24 218 46 20 20 22 236 43 4 0 38 29 4 10 0 80 172 265 327 1 22 29 28 0 4 1 27 20 137 11 30 10 38 1 1 59 20 135 0 78 2 63 1 91 5 1 14 2 107 11 222 0 1 97 92 61 2 3 2 15 68 1 0 188 27 642 94 29 1 346 18 48 2 0 0 13 3 0 7 3 1 41 3 3 17 3 33 18 7 17 2 5 161 15 22 223 57 29 41 9 3 99 35 11 29 201 0 475 36 11 0 54 63 6 284 203 363 35 41 38 66 4 60 33 9 0 139 3 2 5 273 100 6 61 18 22 17
99 30 2 20 8 53 39 24 2 11 17 2 30 13 27 26 144 83 105 26 67 25 15 24 40 125 0 16 26 2 80 2 105 18 101 3 7 19 56 29 117 52 19 48 32 74 14 3 9 129 30 22 61 223 82 68 100 33 140 96 16 127 8 73 1 3 12 41 18 17 10 0 184 49 70 50 29 0 1 6 68 18 43 5 92 22 38 23 33 35 160 6 15 2 7 179 25 26 65 2 8 80 94 17 67 208 67 1 25 0 56 168 78 56 69 21 64 106 5 36 2 15 70 17 13 23 33 4 10 0 11 4 26 82 4 36 42 6 77 185 54 89 21 13 119 61 9 83 28 204 14 1 85 32 4 120 52 9 6 49 82 7 1 95 41 71 207 5 12 41 79 5 28 63 41 33 0 67 4 4 31 12 7 26 136 1 334 62 1 153 12 70 28 99 19 0 128 30 7 27 5 18 3 100 14 31 7 68 13 113 78 121 12 6 66 206 39 5 15 40 1 164 4 21 97 31 8 5 25 9 10 29 2 45 16 1 4 3 9 5 1 7 277 29 19 22 72 3 30 2 3 51 20 23 85 32 0 19 2 1 4 32 10 68 138 105 152 1 8 0 30 7 163 22 43 72 26 57 61 1 28 35 5 3 82 10 37 24 61 208 47 114 0 54 126 25 134 2 44 144 5 86 18 149 1 62 55 73 35 123 0 25 14 28 133 20 13 20 1 17 11 33 6 108 85 0 0 0 2 256 35 16 141 25 9 48 35 15 122 14 38 26 0 43 1 64 5 74 46 29 159 266 3 6 0 4 10 82 2 42 7 76 5 99 43 89 20 28 54 0 3 113 160 7 30 36 2 30 35 70 1 140 187 21 11 42 82 3 7 31 25 125 15 119 79 18 38 0 4 12 4 202 150 89 75 13 3 311 10 107 40 2 5 0 239 8 112 2 63 15 101 53 152 24 253 55 38 31 11 51 44 3 146 0 46 26 13 64 5 15 42 7 248 52 17 24 4 42 5 42 12 11 4 107 2 8 21 88 4 45 28 81 43 351 0 91 222 28 28 89 12 16 39 57 15 270 25 314 12 9 4 10 43 26 113 22 61 104 171 67 10 29 29 9 6 155 2 8 38 183 7 1 226 37 34 50 5 29 1 31 18 29
2 36 23 14 16 18 99 0 18 1 47 104 37 36 84 24 9 31 67 92 15 23 56 6 2 47 41 19 18 12 17 17 126 11 94 24 23 3 26 2 76 9 139 24 35 6 52 40 38 183 18 37 13 114 27 20 34 56 1 35 33 47 71 50 37 48 51 99 68 111 17 8 71 24 3 56 41 11 104 61 80 29 84 14 35 82 8 63 22 0 1 219 52 47 31 135 25 15 22 1 112 10 6 50 41 31 80 43 42 17 2 20 6 6 9 40 37 51 154 32 103 251 61 78 31 35 24 93 64 10 18 8 54 19 33 49 28 138 23 35 17 30 47 8 31 78 9 12 16 43 65 75 16 6 74 8 56 10 96 7 44 45 1 3 74 56 40 60 39 84 44 174 38 7 125 11 29 21 84 198 29 28 41 31 149 32 108 10 5 155 7 11 8 55 113 4 12 21 25 43 30 95 5 2 25 34 29 166 1 14 12 92 188 32 18 24 53 99 69 2 72 26 8 13 20 29 46 15 16 103 24 131 66 96 55 54 9 41 2 54 5 12 160 45 88 4 48 204 13 33 137 8 100 1 3 44 86 219 21 1 67 28 35 37 132 21 113 11 22 5 181 13 60 21 5 30 75 61 55 5 78 76 81 101 280 106 40 2 83 31 2 169 7 28 41 161 11 17 81 58 45 38 14 28 35 168 10 20 58 32 91 126 72 14 66 25 3 25 110 16 25 38 115 114 34 17 0 48 6 4 40 96 2 24 54 39 62 24 5 4 20 75 65 53 374 53 27 43 5 21 5 4 15 21 17 4 40 17 173 29 55 96 31 10 27 17 154 24 7 25 68 40 60 31 64 19 46 55 65 81 71 40 0 3 66 84 119 52 78 28 32 31 5 50 132 19 54 37 24 116 7 23 76 107 6 158 6 28 58 77 145 6 42 9 20 53 137 36 197 161 28 35 144 33 5 6 78 16 49 1 91 20 29 5 32 55 34 64 66 1 25 8 18 23 17 139 21 18 5 75 105 20 81 32 19 20 27 22 3 15 12 71 24 26 14 27 0 46 82 4 7 148 98 2 101 46 7 7 50 119 37 3 92 113 8 97 87 118 40 24 8 41 96 45 78 19 37 199 30 11 87 100 6 81 98 23 68 118 52 0 134 31
21 15 10 9 41 53 130 2 30 41 93 4 24 33 19 0 126 18 6 63 25 111 81 35 209 62 267 17 0 36 53 70 6 51 25 9 33 111 58 2 35 61 20 334 45 86 115 72 11 34 24 1 58 221 22 44 11 149 63 18 15 15 71 129 80 33 92 87 8 13 1 7 16 24 1 8 159 22 0 0 3 94 73 15 23 5 1 1 2 3 37 4 104 46 1 114 61 5 31 72 164 84 8 67 12 3 71 46 3 62 90 29 15 49 4 50 7 229 12 2 10 175 180 0 54 33 20 57 26 57 166 9 0 28 7 26 243 17 46 0 95 65 16 14 17 188 5 254 17 1 20 3 5 7 4 15 0 39 9 0 71 14 223 52 3 31 13 49 42 6 32 4 56 98 157 36 35 34 23 10 25 90 9 0 102 41 4 39 19 6 13 4 57 45 62 60 91 19 11 43 28 6 30 6 1 33 35 57 81 42 29 64 209 350 34 11 44 6 0 21 2 196 82 70 46 29 60 3 36 7 43 80 75 19 28 107 69 29 138 63 8 23 121 17 59 124 63 36 45 0 15 59 131 35 30 30 1 1 3 18 14 34 126 93 12 26 8 22 4 105 216 1 14 31 44 0 12 7 16 39 48 0 67 28 19 33 8 1 42 56 19 23 24 21 111 6 7 81 3 1 2 20 8 51 54 0 29 52 31 2 27 60 4 133 459 162 117 59 108 170 40 17 11 8 90 23 1 76 114 20 236 258 58 305 0 5 28 77 63 1 17 27 115 135 6 35 70 40 19 10 3 16 197 17 3 45 59 16 84 3 16 189 278 122 10 22 18 9 115 32 221 75 100 31 3 41 52 48 64 4 162 31 32 36 67 29 12 6 104 20 0 22 22 16 20 19 21 87 13 88 10 114 0 239 1 34 29 72 94 115 6 33 47 50 4 2 72 9 1 41 1 66 38 4 12 0 42 43 15 25 4 3 3 27 203 112 0 4 26 14 65 0 0 13 29 57 13 22 33 8 37 28 183 20 85 2 43 2 11 7 17 21 30 107 38 32 136 59 64 111 144 1 0 8 52 18 20 7 39 42 0 21 70 34 28 7 21 8 13 51 177 55 22 25 33 67 0 40 57 165 31 124 21 135 77 4 36 17 1 40 198 27
4 1 65 1 8 58 129 4 51 2 126 12 2 93 8 84 24 152 35 10 71 3 20 8 147 368 0 40 88 20 46 6 148 18 73 1 24 0 26 31 19 91 63 0 2 125 1 16 9 20 2 98 18 100 5 163 195 75 4 6 37 16 2 57 68 217 105 20 69 22 12 76 1 0 59 21 93 0 95 7 47 2 13 4 71 11 17 20 59 52 15 50 20 47 25 127 29 45 70 129 17 19 39 48 92 3 56 15 0 54 1 36 41 31 3 8 58 94 32 0 41 2 37 107 42 81 40 154 224 19 3 43 5 29 3 1 59 1 110 76 47 81 0 211 40 63 2 72 16 60 11 7 77 101 47 234 5 102 4 7 8 5 0 4 26 26 29 0 38 160 372 1 37 28 6 66 20 23 7 123 106 5 26 6 192 141 165 22 166 90 61 32 64 6 6 1 81 7 6 72 10 6 29 141 149 0 145 4 88 22 103 13 17 102 62 94 63 3 36 37 0 35 60 175 8 33 76 34 73 22 35 1 22 69 20 125 62 8 11 4 27 17 29 2 48 26 10 35 80 44 51 73 56 9 2 6 86 114 145 3 57 59 73 2 35 26 47 18 14 6 48 38 162 28 12 20 6 76 48 285 0 11 2 10 51 30 1 195 231 96 104 6 105 27 5 62 51 95 66 4 26 28 4 15 36 24 11 41 20 47 188 442 0 22 46 98 24 51 40 109 20 79 24 13 38 107 1 51 26 3 124 9 19 0 5 77 19 18 29 26 47 15 13 17 72 9 84 102 58 262 67 26 29 0 114 103 34 9 16 5 51 29 100 39 33 7 4 6 2 34 12 5 14 65 40 14 20 30 22 31 53 0 26 88 55 35 66 2 14 24 81 45 72 209 27 4 9 154 2 14 37 206 84 0 25 44 7 114 30 67 13 47 30 55 8 0 11 156 31 118 397 0 86 96 29 11 24 283 17 25 7 24 10 153 3 142 101 90 28 8 19 38 59 37 138 70 45 11 29 3 12 18 18 3 74 21 38 12 14 37 1 18 1 28 36 9 47 126 47 173 18 0 2 15 10 3 4 18 230 8 2 11 175 0 8 67 14 100 19 13 155 19 58 2 31 33 49 19 94 79 36 25 9 41 17 1 54 118 5 3 27 13
27 11 39 22 27 41 10 3 1 9 19 33 131 7 39 24 20 120 72 11 6 74 5 3 31 42 8 46 13 19 78 35 175 10 117 22 6 27 72 69 83 199 10 33 52 145 5 22 52 43 28 37 15 131 115 77 99 52 5 76 8 35 96 118 25 41 3 49 3 23 80 8 1 71 32 1 27 26 9 45 36 33 6 33 58 8 4 1 51 17 25 114 10 24 72 7 70 18 40 11 145 131 36 59 29 28 184 71 17 0 4 39 5 11 152 66 62 20 6 85 9 57 17 12 23 21 50 38 12 30 2 99 63 17 5 54 42 38 27 55 4 23 246 34 20 33 95 59 33 8 96 50 165 34 56 27 44 59 18 8 54 17 149 82 23 1 24 44 56 19 72 1 37 2 73 88 64 45 100 124 4 2 153 29 19 18 0 6 101 91 26 18 29 9 44 1 9 18 9 36 12 40 9 61 39 120 171 23 113 45 24 17 15 69 133 199 21 68 42 38 239 18 139 69 66 1 4 21 12 62 21 115 124 19 104 73 23 123 141 21 47 127 57 91 53 11 57 59 2 4 34 87 60 119 15 93 38 105 74 29 9 74 10 11 34 0 24 21 35 20 5 34 28 13 43 143 13 27 48 93 22 37 33 143 70 6 104 81 113 28 11 13 89 24 292 32 47 97 32 51 3 76 3 52 22 49 11 43 76 5 2 91 46 36 21 11 74 32 13 35 16 22 8 16 97 155 50 18 22 4 42 28 6 227 41 0 24 15 121 50 56 8 18 139 48 49 42 24 112 6 22 12 20 21 1 51 35 102 7 58 56 189 28 10 85 48 36 30 16 136 52 9 22 8 40 12 121 17 29 59 5 5 75 81 53 17 126 54 96 51 12 8 100 3 54 3 65 40 107 10 95 53 29 7 41 7 41 122 11 87 20 42 76 0 53 13 81 26 114 75 57 60 21 24 11 35 31 5 6 241 10 44 47 154 49 142 14 16 110 81 71 16 105 116 114 13 30 43 24 15 55 11 49 37 43 4 83 72 21 103 18 71 18 59 68 44 2 63 42 111 49 282 70 27 142 9 78 188 16 76 21 125 33 14 1 41 64 36 6 50 93 3 161 15 9 42 31 47 39 42 14 4 73 18 107 46 10 37 163 27 5 4
52 4 44 190 56 14 103 1 29 14 73 58 17 8 80 92 37 44 39 85 45 25 53 79 94 180 3 24 14 40 137 83 20 26 43 31 34 37 17 35 49 86 87 82 182 70 16 23 25 99 5 67 47 60 15 44 54 85 50 36 56 29 45 121 0 30 64 22 2 22 16 15 5 36 78 30 79 119 133 25 37 150 44 17 13 2 92 28 19 60 25 10 25 0 138 27 19 73 2 45 48 56 51 9 96 17 14 41 54 39 42 78 26 35 154 136 11 31 11 74 39 40 54 18 29 22 40 57 57 108 127 53 20 75 59 15 87 130 18 26 23 45 50 0 36 101 79 23 65 177 32 59 12 12 13 85 5 62 38 138 27 157 46 47 39 50 26 22 91 84 19 74 4 69 9 225 113 99 134 18 128 84 4 4 28 5 35 28 36 67 5 2 39 70 14 112 49 89 33 4 48 57 39 7 54 53 4 33 61 146 73 41 25 10 81 25 46 30 84 6 29 36 23 84 33 12 5 140 93 34 104 16 8 5 163 37 105 94 149 69 51 23 58 38 20 63 60 17 19 27 41 8 65 49 5 11 35 9 6 31 76 46 79 23 268 30 26 125 7 96 231 38 10 47 20 21 29 4 22 19 5 47 11 82 48 10 65 123 18 1 20 1 35 126 5 49 10 18 58 56 75 13 79 29 68 50 47 30 55 75 39 44 35 21 2 58 60 132 15 49 39 60 79 124 63 46 13 37 46 11 5 17 9 21 22 123 14 23 11 29 7 77 64 30 21 133 10 63 8 37 21 34 9 24 112 29 14 142 23 9 47 29 15 40 86 26 76 8 55 51 91 28 50 11 35 27 88 46 71 58 36 82 4 51 48 12 58 63 10 58 68 28 115 25 14 58 19 264 67 17 9 45 47 62 37 174 57 46 21 34 78 57 52 11 93 33 26 27 5 77 46 109 85 86 14 15 20 72 28 26 1 65 33 5 84 54 54 84 9 18 53 34 12 14 72 66 11 4 34 30 39 12 20 76 1 3 108 18 127 51 34 24 31 9 32 71 9 30 123 121 141 21 33 56 40 5 49 23 21 33 72 38 33 189 130 110 16 40 10 27 40 16 48 10 35 33 27 14 110 27 91 10 179 77 11 12 2 27 79 71 5 62
48 88 4 2 52 16 98 5 6 16 322 0 1 60 96 32 101 22 41 68 17 0 1 13 101 28 101 63 12 341 8 10 123 57 27 10 18 41 78 44 12 42 43 3 19 2 22 32 16 93 5 26 15 92 8 16 175 5 85 8 57 6 149 60 1 6 1 42 67 33 9 18 15 24 65 1 36 55 58 0 10 28 9 30 52 3 1 288 45 33 18 130 17 5 1 117 95 6 7 3 19 23 242 4 39 81 42 41 335 3 32 2 3 61 16 66 67 16 97 47 6 194 8 20 196 79 17 85 22 18 83 73 7 29 59 23 37 239 37 102 318 38 64 11 50 21 7 46 17 1 64 20 19 18 3 105 87 227 58 341 10 7 11 10 16 6 34 5 88 45 149 2 12 16 212 25 4 39 0 52 3 14 8 42 46 695 56 25 66 23 20 17 13 28 23 24 2 6 0 286 131 20 0 65 28 3 0 11 20 14 9 7 19 20 4 31 9 47 6 3 51 62 76 6 73 36 24 273 21 9 50 7 6 159 67 38 470 64 270 51 95 1 112 1 89 41 2 221 0 17 23 123 30 39 0 17 4 105 31 127 18 4 121 22 8 8 9 3 10 191 0 25 12 16 26 60 7 20 137 15 17 12 46 55 100 54 1 8 67 24 17 94 388 65 5 29 26 17 6 108 62 7 55 17 17 20 2 73 109 29 7 251 25 221 3 2 91 27 49 3 12 44 0 68 4 18 100 50 70 0 9 66 30 3 71 22 383 23 95 4 119 132 4 0 5 12 24 3 3 2 5 163 24 47 9 22 118 6 2 11 0 53 7 54 3 25 20 7 181 23 6 8 32 6 16 11 16 14 27 54 1 27 51 39 93 0 26 364 13 40 69 19 53 495 234 26 1 172 8 23 67 101 45 73 20 4 64 28 25 9 23 9 21 9 2 11 0 4 252 1 159 2 28 28 3 8 5 7 48 1 43 1 1 56 70 109 1 12 67 23 10 9 69 63 3 1 10 28 25 9 35 26 100 95 46 40 3 31 41 0 0 8 60 101 2 67 17 59 9 2 63 84 10 4 3 16 74 45 82 8 14 25 31 35 10 3 9 8 82 14 38 10 69 101 24 7 16 93 66 14 16 31 5 6 52 5 5 33 293 24 36 2
14 0 246 66 38 42 12 5 5 2 5 160 158 49 0 17 38 3 51 15 217 37 6 9 36 1 26 46 102 2 49 12 32 5 44 103 0 1 232 53 18 127 12 22 13 40 50 13 0 65 3 167 0 29 30 3 0 195 0 22 26 67 24 4 20 6 21 59 49 176 23 29 26 3 2 1 18 50 51 74 56 157 19 6 3 5 28 240 42 1 13 9 47 66 0 7 0 226 0 2 244 26 21 15 14 0 0 15 31 25 70 49 22 11 10 122 20 71 12 27 32 5 9 0 6 1 81 57 5 82 24 19 364 27 20 8 1 7 63 46 35 6 39 32 19 30 47 19 35 13 80 47 9 7 58 43 27 82 17 30 229 78 10 56 0 38 36 8 22 28 264 54 116 24 35 150 5 22 20 33 49 80 26 174 89 14 121 35 67 28 46 98 116 114 85 23 0 0 46 186 27 11 21 49 87 136 94 3 64 115 74 26 8 21 17 47 305 55 5 24 52 29 25 22 58 288 0 1 7 5 22 61 14 40 20 16 83 10 0 125 5 40 18 0 66 8 4 113 59 28 7 56 95 150 74 27 2 3 10 20 37 38 48 19 0 42 59 13 83 70 19 29 80 30 13 88 55 59 2 44 22 98 44 228 57 54 33 0 5 36 0 11 26 366 4 6 19 155 0 104 41 30 14 15 83 99 63 35 45 42 57 6 2 38 56 11 10 29 401 36 15 115 104 35 37 187 6 27 27 14 144 103 39 1 28 41 13 15 2 79 107 11 0 181 62 13 1 26 12 51 16 5 8 44 11 298 209 53 68 131 30 71 8 24 56 283 32 1 5 100 283 52 3 0 31 60 36 55 77 23 70 43 5 68 289 193 67 28 1 0 18 3 61 5 15 6 43 17 1 322 35 2 78 10 33 21 28 16 13 42 33 16 124 46 0 180 27 34 28 28 28 49 124 10 16 54 40 108 20 81 4 40 37 1 88 10 11 19 56 89 25 8 104 72 2 25 6 5 37 8 66 47 19 7 30 2 55 6 40 4 49 14 231 35 41 36 60 188 80 61 36 29 13 45 2 34 41 90 1 28 85 4 2 5 47 0 33 25 5 107 19 49 8 36 38 17 41 68 0 64 181 20 42 87 9 45 10 249 1 97 44 0
257 34 168 87 2 79 15 15 62 4 122 7 2 71 58 17 72 221 189 49 3 74 2 250 45 13 20 13 59 111 34 0 93 29 72 56 109 26 68 21 2 7 124 35 86 86 41 10 18 30 5 38 1 4 0 69 101 8 46 8 27 6 76 27 5 0 2 39 121 59 28 57 20 8 32 20 25 48 197 13 15 135 17 108 39 31 13 14 32 72 13 11 6 39 312 2 26 15 1 0 0 243 34 201 25 0 26 0 29 1 21 202 9 5 15 38 0 2 79 20 0 1 7 232 37 53 20 52 5 19 36 24 50 62 0 26 32 105 2 78 1 15 41 265 77 5 23 47 3 9 17 19 85 44 76 96 243 7 12 4 5 64 0 66 6 25 16 79 2 103 16 67 35 0 19 8 16 0 4 0 60 388 26 52 5 32 62 24 16 1 10 1 55 7 182 35 12 56 9 23 97 14 9 52 23 2 22 10 4 6 105 476 45 56 174 0 8 57 19 21 40 185 2 24 12 45 0 14 243 31 346 1 31 44 33 57 10 10 6 102 27 2 52 89 6 59 5 48 90 15 9 5 3 58 326 27 34 285 37 29 51 23 266 40 69 4 31 59 2 38 12 128 18 0 44 4 26 43 2 0 24 10 24 0 23 72 6 1 282 0 26 17 152 37 11 12 22 6 23 70 71 37 5 29 78 5 143 19 80 56 27 5 0 28 49 12 39 1 149 20 52 53 21 27 32 34 1 77 82 52 63 28 55 2 0 31 24 32 15 223 32 6 6 10 55 0 54 2 60 1 13 0 49 8 1 52 27 30 12 8 105 108 13 62 29 0 2 143 6 45 15 10 7 13 4 0 91 0 2 0 0 46 0 15 8 35 9 52 16 23 0 41 0 14 12 95 5 8 33 84 0 9 13 62 4 37 24 36 170 1 281 52 74 17 115 44 167 38 6 18 287 35 41 355 48 18 168 41 12 66 10 5 15 3 18 145 9 0 0 7 5 68 78 114 2 54 166 21 209 2 35 17 364 7 19 48 67 17 12 0 150 32 75 76 42 0 101 1 2 38 17 91 7 2 26 80 62 1 411 8 0 152 1 58 37 1 118 99 30 94 9 64 0 34 36 6 83 22 6 133 18 121 31 117 39 6 60 16 382 9 10 100
24 34 113 65 26 1 35 6 71 60 28 3 2 287 14 2 49 16 47 0 17 5 77 9 17 14 93 449 52 78 15 43 12 3 70 68 109 9 55 0 10 72 29 1 11 20 17 17 121 24 103 15 142 18 20 159 22 17 21 108 32 24 12 42 12 46 80 32 30 12 8 71 1 26 0 13 45 2 84 52 2 30 39 2 28 3 26 74 146 19 13 57 23 1 0 37 52 12 76 1 5 6 28 10 132 17 14 106 43 4 18 37 65 134 70 21 5 1 68 38 36 0 0 15 22 42 11 5 1 190 81 31 1 23 38 6 7 20 16 106 2 7 122 177 98 19 19 64 24 4 5 7 9 79 3 13 58 36 184 30 3 79 132 49 14 14 25 32 15 2 57 0 62 175 64 36 36 101 82 59 61 17 28 3 19 2 0 18 1 6 4 16 7 141 54 76 55 22 13 22 13 36 1 113 32 2 59 77 164 40 0 154 110 61 188 3 92 57 42 1 65 3 96 63 37 57 43 23 36 68 10 346 23 33 159 42 282 51 66 144 127 7 16 42 6 23 27 27 204 2 28 7 11 28 13 3 8 20 45 43 56 6 9 110 27 60 18 12 39 6 18 5 43 119 113 71 3 49 43 121 159 2 122 20 64 12 26 29 49 30 133 26 5 26 0 73 100 15 1 116 3 101 102 39 67 50 0 929 37 7 15 152 47 31 92 4 21 132 35 5 44 9 70 8 40 56 72 37 0 2 58 10 35 23 35 43 44 37 13 61 37 67 6 25 63 192 89 43 108 49 0 126 54 53 155 20 71 9 12 11 15 132 104 46 87 89 45 97 34 74 57 43 99 8 5 15 38 19 27 35 11 84 38 19 150 31 28 13 40 10 0 32 79 178 59 19 38 17 69 1 204 2 12 35 33 30 17 38 38 34 44 127 13 49 0 52 148 21 31 4 42 42 18 20 214 17 40 127 23 52 36 20 81 43 129 2 24 71 33 7 8 84 31 13 15 87 26 274 28 7 6 405 94 56 41 4 245 86 47 103 29 104 0 4 1 9 3 10 1 33 42 48 84 11 43 18 11 182 22 23 73 9 6 20 105 51 6 56 137 4 70 22 114 9 102 38 12 1 0 5 13 57 24 11 48 11 13 39 59 11 25 7
121 8 50 219 21 13 2 0 63 350 23 0 102 0 18 41 94 0 139 6 0 43 14 5 79 30 16 2 92 8 112 4 30 151 38 16 8 8 136 0 0 0 4 6 1 15 210 65 43 71 26 0 3 76 58 65 5 82 43 0 15 90 1 6 0 107 169 127 0 7 2 127 40 30 0 1 12 34 113 77 7 121 121 5 130 36 78 2 32 126 48 30 36 8 299 167 22 26 23 83 7 0 31 2 43 41 62 8 31 28 69 196 0 86 0 17 2 75 1 35 19 10 20 61 6 31 37 185 37 12 55 44 40 256 10 10 25 11 257 5 0 9 35 17 11 49 40 8 47 44 21 3 7 147 25 9 12 98 15 0 38 1 11 26 11 46 30 6 102 16 58 62 365 59 26 26 8 47 210 24 74 234 15 36 16 29 2 2 3 4 27 1 47 27 8 102 38 31 20 5 3 94 11 6 24 50 30 27 0 6 36 3 21 21 103 4 12 1 140 2 217 84 24 29 17 26 9 286 0 128 23 18 39 58 371 33 6 41 6 38 179 16 49 71 36 79 26 8 16 253 110 34 73 12 21 7 31 30 85 21 3 94 20 25 9 2 4 1 19 25 32 43 29 157 66 24 16 55 41 0 112 145 16 45 0 18 20 210 15 25 24 152 2 15 126 113 73 11 0 1 2 7 22 10 44 57 18 17 97 0 1 434 29 13 15 5 7 33 34 122 4 25 127 1 13 116 12 3 1 10 38 4 20 2 2 9 39 0 8 166 24 0 23 137 64 142 157 4 11 20 7 2 1 57 27 16 24 47 14 34 7 29 35 35 0 126 45 28 39 0 2 186 18 23 4 34 33 132 80 48 66 14 112 51 44 1 102 18 26 118 23 129 265 11 21 192 23 78 1 30 38 20 112 47 27 15 0 47 0 2 71 6 9 56 59 66 19 40 4 93 17 39 186 120 39 18 5 20 118 30 219 154 58 8 79 31 1 146 24 35 8 6 36 68 13 104 144 32 73 24 7 6 56 39 48 24 318 81 20 4 46 3 76 16 46 32 96 8 197 41 16 6 443 1 42 38 61 78 6 4 33 1 2 9 0 0 24 229 0 252 17 19 14 118 28 3 66 5 0 22 187 22 32 88 7 3 46 11 122 16 25 57
90 2 824 33 33 6 55 28 65 46 313 17 82 34 4 12 0 12 8 6 42 30 32 45 1 5 7 1 46 80 27 64 17 20 30 157 14 198 14 26 118 24 73 8 16 0 95 202 51 1 22 375 26 46 2 116 28 20 10 13 19 4 29 37 52 0 155 119 93 26 22 38 0 11 5 94 71 52 61 25 327 20 0 0 35 79 12 61 16 35 27 73 4 31 81 13 68 72 13 76 3 9 3 7 18 126 3 75 118 20 15 69 30 128 32 4 12 35 10 2 9 54 33 80 17 55 17 62 12 36 1 39 1 15 0 66 71 3 7 148 259 8 5 249 19 24 74 34 29 17 126 155 76 18 30 103 22 11 5 4 190 36 55 5 31 79 7 38 145 4 71 11 49 24 93 28 35 82 22 8 18 59 5 29 42 0 10 19 19 38 55 33 119 21 42 0 3 5 37 12 11 38 52 46 22 34 43 2 84 63 5 30 0 32 107 14 130 318 10 43 218 42 11 24 31 27 15 5 265 19 44 12 0 81 136 43 12 5 3 14 23 15 25 21 10 3 100 14 35 65 26 10 39 100 23 41 82 16 60 233 12 17 75 3 41 81 58 31 9 63 6 99 58 0 0 62 93 48 19 1 24 90 74 27 11 3 21 14 145 61 261 20 26 8 71 0 81 59 16 45 38 14 79 75 88 32 47 40 1 4 39 4 27 9 17 73 108 16 33 16 7 60 45 30 231 0 17 71 90 44 1 122 23 51 57 0 0 6 245 51 36 93 25 20 1 119 36 35 23 13 20 29 20 56 31 31 107 14 19 15 75 1 1 36 37 7 134 36 92 74 29 10 143 111 14 28 45 36 59 31 96 3 43 0 4 31 26 5 338 39 126 7 44 7 357 95 33 70 28 84 51 5 4 10 76 3 26 1 70 18 76 17 31 205 45 104 8 84 35 74 134 116 1 18 27 50 80 25 10 80 8 2 136 6 33 72 14 40 16 4 115 40 74 10 301 116 7 3 1 50 8 7 7 79 39 31 159 33 60 231 36 1 41 24 6 63 37 67 57 38 85 24 8 7 121 26 32 13 12 107 1 48 13 79 37 2 8 6 13 75 50 1 7 20 132 30 19 64 81 68 4 60 32 13 3 20 23 35 76 26 38 1
2 7 6 61 7 5 19 92 0 21 7 22 0 82 48 115 9 24 2 69 8 1 93 32 1 68 95 31 12 25 4 12 50 16 100 141 112 20 10 0 262 112 47 25 21 7 90 93 15 9 89 15 71 34 137 141 56 16 30 15 35 28 28 4 42 38 28 24 34 8 23 12 167 1 77 19 37 33 2 20 26 4 41 24 42 70 30 23 1 1 15 41 672 147 0 3 100 84 46 29 11 135 26 3 10 4 103 28 63 19 84 5 10 39 41 30 16 1 11 45 3 1 15 57 21 13 1 59 204 35 217 27 41 25 3 9 16 17 45 13 0 5 45 32 42 35 19 62 108 15 23 11 21 29 30 34 4 92 26 54 118 11 272 8 4 20 1 532 92 13 49 71 5 108 11 90 47 79 53 67 37 6 6 12 91 12 9 25 37 20 7 12 15 10 15 88 205 11 89 0 6 2 143 26 8 40 64 7 30 14 46 0 11 20 9 2 3 13 17 13 129 18 3 20 20 42 26 34 107 18 53 3 36 47 6 7 51 19 83 135 14 62 5 44 27 21 35 33 54 2 67 11 28 174 26 6 3 84 11 14 60 42 41 33 0 8 70 1 38 41 9 39 1 100 3 67 44 196 66 0 10 44 20 68 40 24 113 27 72 8 77 58 47 52 41 9 42 73 0 0 15 1 85 50 84 6 61 16 0 94 90 208 46 57 21 46 26 5 28 6 15 67 48 9 24 1 3 0 201 157 75 5 83 1 248 73 13 9 25 91 7 20 1 47 70 192 66 253 148 0 358 43 173 1 3 56 56 0 4 59 4 7 2 28 37 45 16 42 2 10 129 38 62 11 26 2 25 136 28 86 8 86 24 37 35 165 34 202 14 1 32 26 19 30 54 2 153 48 94 71 57 38 95 45 70 1 21 1 1 304 4 164 39 2 61 58 30 28 184 207 155 15 8 165 1 4 65 213 20 22 4 0 9 557 15 83 11 12 3 27 14 135 0 1 66 26 6 92 3 55 32 13 72 8 147 246 0 17 29 30 85 3 18 104 3 149 17 131 305 3 2 2 62 1 63 5 64 48 10 4 0 64 29 53 26 89 294 90 51 74 3 24 7 85 44 48 45 31 43 54 3 24 20 37 12 34 226 3 28 1 14 43
12 79 60 3 81 67 7 14 23 85 11 32 0 30 71 27 106 52 3 69 50 70 273 4 15 0 23 0 44 40 23 17 1 176 1 3 99 231 11 13 87 26 26 4 7 12 272 117 5 22 19 1 25 2 4 3 127 56 76 83 7 12 10 6 56 86 0 38 14 26 41 31 15 6 59 5 242 105 133 3 80 1 117 1 27 28 171 2 0 0 166 5 77 5 25 12 40 9 86 3 33 1 6 115 25 15 16 59 79 88 7 15 3 3 23 14 0 96 33 11 5 0 22 1 50 93 54 146 64 5 119 4 22 11 281 44 23 36 75 77 50 23 235 77 253 22 14 37 35 186 0 59 1 274 23 0 15 2 6 11 159 3 18 11 6 14 20 30 38 22 14 101 212 64 0 55 29 38 44 30 64 32 27 92 3 98 19 173 52 25 30 0 36 3 1 43 3 137 0 189 2 13 2 201 16 2 29 29 7 5 31 24 111 53 25 63 1 11 81 18 5 9 21 6 27 0 32 0 12 34 8 2 9 148 6 58 34 46 31 6 12 46 261 124 10 252 1 0 2 50 13 61 60 1 185 16 9 20 21 5 24 46 137 13 0 21 36 9 45 3 3 2 12 26 30 3 4 70 73 5 20 37 41 123 34 418 3 20 122 16 1 13 138 41 155 20 19 6 134 92 289 36 25 38 66 4 0 3 12 37 18 39 69 12 41 11 8 5 22 60 30 55 0 46 0 2 7 2 17 28 3 33 1 15 44 97 0 2 4 34 0 82 14 37 9 21 3 28 38 16 0 84 14 127 79 70 71 144 8 1 48 12 1 52 32 18 129 55 37 27 1 22 21 4 45 11 76 201 29 37 2 65 5 190 65 9 3 167 123 1 37 44 0 5 47 0 57 37 82 9 2 22 55 10 55 127 83 330 174 3 177 10 211 2 0 10 29 31 28 74 21 71 9 21 56 36 7 27 78 95 41 72 175 12 86 48 54 169 45 74 4 101 89 2 90 30 10 0 69 24 3 23 263 39 107 28 4 9 2 83 248 72 15 13 27 52 21 19 96 27 277 136 39 38 0 12 120 0 11 107 38 7 32 14 35 87 183 16 66 25 41 1 16 1 1 87 11 104 83 0 526 38 2 170 244 2 105 52 33 54 76 29
1 0 133 0 1 11 72 1 346 2 1 33 423 0 3 591 4 2 0 8 14 5 39 1 11 1 0 4 0 55 0 2 0 0 54 0 6 59 13 8 2 14 3 1 2 1 0 5 9 0 377 27 374 5 0 26 0 8 17 0 0 2 1 0 1 70 61 9 40 229 61 17 1 242 31 7 2 37 9 2 2 344 46 0 2 273 10 11 2 96 2 14 16 1 40 7 15 9 273 0 88 17 4 42 4 0 39 8 0 4 242 27 21 4 0 0 4 16 0 0 15 14 13 34 19 0 251 1 0 7 0 0 27 0 2 364 10 1 3 79 219 70 41 3 2 18 3 1 0 1 0 1 0 30 2 240 136 0 2 0 70 59 24 32 6 50 1 9 2 208 16 0 289 12 76 37 4 94 0 5 4 2 96 8 1 75 2 148 16 11 29 59 0 293 1 97 8 243 1 54 10 14 8 3 17 110 0 0 10 144 2 12 16 0 63 49 20 0 200 0 221 108 166 2 0 15 35 13 3 335 0 28 10 0 1 7 0 51 0 120 3 345 7 3 0 390 2 1 169 2 119 4 7 4 18 37 4 6 20 2 78 309 77 0 15 251 18 7 12 0 1 2 3 355 30 78 39 0 3 57 7 1 34 166 0 0 2 4 75 150 6 340 39 36 14 168 41 137 3 1 140 7 6 28 53 2 24 5 21 4 2 27 1 3 1 5 1 1 88 57 97 2 1 32 0 68 0 245 19 27 28 52 47 7 26 14 18 2 3 1 279 4 13 311 13 11 91 176 253 1 1 252 427 78 12 48 6 1 61 1 8 48 21 480 139 14 0 3 6 10 2 62 27 220 64 60 268 33 4 1 102 0 7 2 7 6 0 306 2 84 4 58 131 0 23 101 0 55 23 2 6 11 0 0 0 71 7 56 113 0 2 4 208 0 77 6 46 126 5 6 37 8 8 57 26 1 84 0 5 2 1 122 388 8 2 6 14 19 2 7 44 0 344 5 4 1 9 4 14 18 48 362 214 10 1 6 3 0 13 30 72 51 0 0 1 34 3 0 0 5 23 1 89 1 3 14 7 16 0 4 2 25 133 0 301 3 377 44 1 12 1 12 46 0 129 50 38 2 112 14 315 3 30 0 0 1 11 10 236 14 18 2
24 0 0 39 16 16 0 16 41 27 0 50 4 0 4 0 14 132 16 2 46 25 68 127 56 39 29 7 16 59 4 72 19 16 1 133 31 3 1 26 1 3 111 47 1 6 117 65 1 10 13 104 17 10 91 2 23 1 114 4 1 45 1 18 39 47 10 5 1 4 74 65 4 12 82 4 10 279 1 1 22 0 127 0 3 0 1 5 162 6 59 241 28 2 220 1 10 18 32 0 14 72 0 37 3 0 110 181 0 25 127 85 18 0 7 112 84 42 12 0 0 2 120 10 15 0 19 11 0 1 227 59 31 0 74 65 1 1 21 81 10 19 40 213 0 37 16 30 107 22 5 30 36 94 0 35 0 22 7 23 1 0 1 23 24 0 159 10 59 0 13 35 244 136 25 133 113 121 1 43 7 9 530 60 0 20 3 58 3 68 104 40 2 7 15 164 0 20 5 4 20 88 408 68 158 7 11 0 20 19 51 31 8 25 10 0 47 109 0 0 37 15 1 173 0 48 419 72 160 1 111 2 1 10 6 18 0 153 22 7 72 70 13 123 445 65 2 1 67 64 163 372 5 1 16 35 19 1 33 67 281 5 7 1 21 49 8 5 0 14 157 298 31 0 13 1 35 42 57 31 3 26 24 12 6 46 1 0 2 1 105 9 1 0 138 67 86 2 29 269 32 1 49 11 22 14 24 59 7 1 9 112 186 5 28 48 0 124 104 11 377 5 346 7 51 62 100 16 19 8 8 1 18 177 33 2 16 0 19 0 271 0 121 6 0 36 59 4 190 25 23 67 1 14 4 11 1 23 16 11 9 2 152 16 0 49 36 13 2 0 0 4 6 1 44 8 256 38 12 30 28 192 18 4 0 42 22 0 43 0 37 216 170 282 0 13 14 45 3 5 1 20 47 156 0 42 22 23 0 0 82 22 88 1 75 0 104 0 78 1 2 3 0 107 18 240 1 0 72 61 28 3 5 4 2 75 1 1 206 31 613 129 47 0 361 23 35 1 0 1 34 1 0 7 1 1 59 0 1 10 8 69 30 2 35 2 1 161 9 24 164 59 27 72 6 0 81 13 8 42 184 5 513 46 16 0 52 28 13 269 177 345 17 30 9 76 1 12 39 3 0 148 4 1 5 315 48 4 30 1 0 7
112 25 3 25 7 17 32 41 0 20 17 0 7 15 28 20 170 104 130 35 54 19 15 11 78 137 1 21 62 2 55 1 83 37 134 3 6 15 44 26 100 40 22 44 36 73 12 1 15 155 97 15 52 199 61 68 44 31 171 119 3 91 5 60 0 0 22 48 21 11 29 1 236 45 89 57 50 2 3 3 72 28 45 6 103 26 42 20 46 24 214 0 20 0 5 89 41 40 100 0 9 71 81 14 46 200 62 4 14 1 65 214 80 28 21 8 79 89 18 116 31 10 81 38 22 29 45 4 6 3 50 9 33 78 2 25 50 4 69 107 73 78 6 27 106 54 3 59 21 162 15 7 65 46 1 158 40 2 18 58 62 13 0 99 58 42 252 2 8 67 90 3 26 70 38 47 0 47 10 2 20 8 11 63 120 0 340 78 0 161 11 72 35 159 11 0 94 27 9 33 9 21 11 81 21 30 0 159 16 71 126 85 8 4 92 202 61 1 8 24 0 105 3 22 141 22 2 1 43 19 13 34 2 28 33 0 2 1 7 4 3 12 239 19 17 24 86 0 4 1 12 14 15 26 50 18 0 18 0 5 8 20 11 70 129 122 126 0 5 0 59 7 190 13 61 81 45 54 94 4 16 18 0 4 80 13 32 27 101 152 13 48 0 45 135 5 155 1 53 111 27 77 20 228 12 103 61 39 26 120 0 21 19 56 144 13 12 11 1 9 1 33 0 110 105 0 2 0 3 156 32 18 162 32 23 33 35 13 103 21 28 17 1 53 0 66 3 48 43 30 177 227 0 0 0 5 3 53 4 71 7 51 11 46 61 54 9 25 49 2 1 167 146 2 38 24 1 21 33 46 0 108 144 18 1 68 73 5 3 62 19 137 13 97 47 21 2 0 2 18 5 239 159 112 79 14 2 334 11 128 71 2 6 0 242 3 126 3 66 73 52 40 171 14 244 60 46 60 8 38 21 9 166 0 22 78 26 55 1 30 27 12 260 45 18 2 4 87 0 49 7 19 9 95 1 2 14 94 0 55 26 112 43 333 1 108 197 25 60 76 1 16 8 18 16 301 4 337 1 7 2 18 21 47 108 39 44 77 179 88 7 27 23 6 8 146 12 4 15 188 4 2 161 46 27 56 1 10 1 46 17 22
91 28 18 10 0 15 129 2 17 7 42 183 31 25 92 8 2 43 40 66 15 27 79 1 6 33 8 27 29 11 7 11 156 10 94 19 104 110 25 12 131 9 146 21 40 2 47 60 35 179 28 36 23 91 21 26 46 106 1 44 29 48 41 57 5 16 40 81 41 67 16 28 95 25 3 53 41 13 106 54 118 33 87 25 24 81 5 44 17 0 0 194 49 35 50 121 43 2 19 7 125 29 9 42 31 15 65 41 40 18 4 16 6 0 1 41 36 37 189 43 96 224 67 67 20 54 32 92 33 0 10 9 55 21 12 43 13 108 8 38 15 26 39 0 27 75 8 13 12 45 54 61 11 19 58 11 57 13 131 74 26 31 1 8 78 32 31 65 34 120 46 147 27 11 154 6 30 27 74 247 26 18 49 28 134 22 79 36 7 146 11 9 3 48 115 4 18 21 22 51 21 84 1 1 26 5 12 107 2 15 0 133 184 33 18 0 41 335 75 1 62 21 11 15 12 7 47 15 8 89 26 173 52 75 104 54 6 18 3 59 2 5 184 29 61 5 37 215 10 28 133 10 112 2 1 51 96 228 27 2 59 31 25 64 135 22 100 10 11 0 162 0 97 11 1 19 73 69 41 3 73 121 61 86 242 106 40 0 76 26 5 179 0 28 42 183 4 17 48 50 16 69 6 31 20 200 11 21 72 22 66 139 66 2 55 31 2 5 104 10 28 37 102 113 30 19 37 33 2 1 47 97 0 50 187 35 66 15 10 19 22 49 28 45 420 72 8 79 4 21 7 3 8 18 14 9 2 7 141 35 8 95 38 8 37 1 166 24 3 16 68 13 62 15 90 12 42 33 56 90 61 32 0 6 65 61 128 25 68 38 25 32 20 46 95 20 38 39 13 120 9 21 60 115 7 151 1 159 21 69 141 0 69 1 14 42 186 39 201 266 26 82 149 17 1 3 50 6 36 4 48 3 24 6 36 58 61 49 47 0 22 9 18 18 10 97 23 9 3 39 85 6 141 22 64 8 29 22 1 15 8 57 16 36 20 29 0 24 104 3 0 152 110 21 91 58 12 6 45 127 29 1 77 28 30 105 81 101 60 22 3 28 75 62 73 39 35 234 33 1 88 125 18 78 83 34 48 129 28 1 124 34
0 45 5 13 38 96 201 6 1 29 69 4 13 32 3 0 153 8 7 90 27 117 52 10 251 26 279 18 0 41 31 60 14 39 21 1 43 118 56 1 10 22 5 381 56 82 101 87 17 20 39 0 21 239 12 52 33 132 63 5 11 19 56 93 22 51 112 79 6 18 0 3 25 13 0 6 115 24 0 3 1 75 60 20 15 6 0 0 6 5 50 4 73 40 0 73 19 7 41 76 174 71 16 75 32 5 103 42 5 76 113 13 18 71 0 55 1 230 15 3 2 211 193 0 74 11 16 94 16 53 210 3 0 19 8 28 249 1 23 4 95 108 34 20 5 170 13 223 14 5 8 3 12 13 4 15 0 39 7 0 75 19 257 48 0 26 14 79 43 1 5 5 37 67 197 15 24 30 21 0 2 72 7 0 113 35 1 54 18 1 30 0 56 36 43 55 92 11 9 63 18 10 19 6 5 15 14 89 68 36 24 69 184 395 7 8 54 2 1 25 6 280 109 68 57 20 67 6 19 2 4 73 148 0 34 73 134 90 192 25 11 35 113 2 44 127 45 29 44 0 5 20 20 32 51 9 0 1 2 33 1 31 145 100 33 1 3 69 8 134 206 6 3 22 27 0 3 7 10 70 52 1 55 35 13 27 11 0 85 77 1 31 31 19 147 0 5 77 12 6 0 5 3 50 66 0 40 101 48 2 7 69 6 88 417 165 139 49 56 77 22 34 21 8 73 51 2 111 174 42 215 342 44 327 0 4 5 91 61 16 18 118 118 140 0 22 89 44 14 27 2 39 149 13 3 20 72 16 144 0 11 164 240 117 15 17 23 9 44 36 258 66 112 29 2 18 42 41 81 1 106 32 49 46 71 38 7 3 154 16 0 42 15 10 8 19 13 32 1 100 3 157 8 247 1 30 59 82 88 120 10 37 57 17 15 6 82 3 3 61 6 36 42 9 0 0 100 77 36 33 3 6 0 24 170 103 0 13 24 1 57 0 0 17 18 53 11 38 26 16 31 8 113 13 44 1 64 1 4 15 12 21 94 61 39 19 76 14 48 169 60 0 11 11 72 8 11 1 19 23 0 6 110 36 54 13 77 7 2 44 131 46 36 29 86 54 0 8 63 141 61 139 52 128 94 4 74 19 0 41 181 32
0 2 86 1 0 50 81 12 54 2 116 2 0 100 2 85 30 111 30 3 76 3 1 0 145 396 0 19 71 22 36 5 241 60 91 0 33 0 38 14 4 131 63 1 0 112 0 27 5 10 1 75 27 96 2 179 211 74 1 2 23 16 0 76 13 250 100 29 63 3 1 64 0 1 67 15 108 0 63 8 97 0 13 2 41 9 6 34 95 58 31 23 24 61 38 111 46 35 94 168 0 16 5 30 100 1 53 102 0 28 0 9 85 42 6 0 43 47 31 1 9 0 31 188 61 55 11 137 223 36 1 59 11 34 2 0 53 1 123 52 24 55 2 247 86 50 2 74 12 176 3 16 129 286 45 138 1 186 14 10 8 0 0 0 19 36 21 0 36 123 353 0 40 8 5 71 30 14 5 116 103 1 42 0 208 204 186 17 104 87 32 8 68 1 3 0 115 8 25 66 8 1 26 123 165 0 212 14 106 10 85 9 11 125 81 95 78 5 27 77 0 2 53 197 0 27 106 27 89 19 34 0 0 234 46 22 60 0 4 11 24 25 8 9 49 13 5 34 74 58 27 47 39 8 0 7 129 123 135 0 50 0 65 0 30 43 33 6 22 8 48 38 234 3 8 44 9 106 26 256 0 0 1 4 59 8 0 179 235 115 103 14 79 18 1 111 35 81 60 2 54 4 0 8 29 4 3 28 7 7 225 443 0 58 39 97 1 47 30 120 69 101 21 7 27 111 2 138 52 2 116 8 14 0 1 68 6 7 56 23 70 10 1 6 78 9 104 73 63 299 6 5 20 0 162 100 37 40 8 0 43 28 85 61 28 0 1 9 0 50 3 1 10 46 38 22 15 0 111 29 62 0 0 89 38 18 61 0 28 5 44 29 7 343 58 7 9 160 1 1 23 236 103 0 40 53 1 98 24 48 0 22 19 49 2 0 11 134 54 83 377 0 60 63 63 33 27 317 14 24 8 19 4 201 3 97 117 88 0 9 19 41 53 18 95 38 26 2 23 6 14 19 1 1 59 12 33 12 1 60 0 16 2 27 46 0 34 198 39 138 12 8 2 12 0 2 0 6 111 1 3 0 202 0 11 90 13 97 8 2 121 2 28 1 28 13 52 20 65 60 28 13 6 49 13 4 65 144 10 1 46 13
26 17 43 20 44 42 3 11 0 3 18 42 140 4 29 19 16 102 103 67 4 84 6 5 44 30 6 31 17 23 57 18 195 0 124 1 10 4 91 73 135 245 8 22 63 178 30 3 37 38 1 13 5 154 103 70 109 127 2 71 25 59 111 116 21 48 4 39 3 36 69 15 5 103 25 4 33 20 2 49 38 27 8 36 60 2 0 0 39 6 17 116 13 36 34 4 62 50 28 5 123 131 29 67 31 23 209 62 22 0 0 46 2 8 133 53 79 18 2 120 14 51 6 6 9 13 31 47 13 57 0 161 40 7 1 77 41 39 20 57 5 18 177 28 36 34 73 42 29 3 100 16 194 21 49 52 9 67 20 2 46 45 186 74 32 0 22 43 82 18 70 1 38 0 86 137 59 16 105 106 1 0 182 31 3 7 19 0 109 51 7 4 40 3 41 0 3 12 8 45 24 20 5 56 29 118 193 27 174 86 1 19 10 63 179 179 26 108 38 26 286 24 132 50 10 0 19 18 0 56 11 151 142 14 80 24 30 153 165 17 40 164 57 121 40 10 49 80 0 0 38 29 43 110 0 93 76 95 103 0 0 84 4 16 34 0 24 33 27 8 5 32 5 17 101 158 4 55 16 59 9 41 38 17 23 0 77 59 191 27 8 32 77 17 414 35 61 58 25 57 15 76 14 160 16 48 18 57 70 5 0 69 22 86 8 2 61 6 3 5 13 13 5 17 100 214 56 28 20 8 27 30 3 224 42 1 16 1 115 3 63 14 27 136 54 55 95 29 122 1 19 1 21 0 0 29 40 132 0 45 54 116 22 9 89 61 60 12 21 160 47 12 21 39 23 47 158 24 25 58 4 28 48 56 69 15 104 106 101 12 19 12 135 13 62 3 70 18 101 1 66 54 22 0 40 3 0 71 14 66 12 38 65 2 72 10 101 26 119 63 94 38 25 25 7 22 80 0 18 299 6 58 42 71 26 145 4 16 75 64 80 20 97 79 85 8 16 34 43 7 47 9 62 37 48 0 82 76 9 170 20 17 26 48 81 29 1 73 108 105 42 282 57 44 202 5 126 140 39 75 20 123 64 13 2 34 45 0 1 39 118 5 161 14 11 28 38 7 37 35 3 0 37 18 113 51 4 2 169 1 6 0
53 0 88 176 61 4 161 3 14 7 73 67 5 7 68 51 33 47 23 76 46 25 37 71 130 147 1 19 10 35 150 87 19 25 35 29 31 4 41 32 49 83 84 81 177 88 12 28 28 109 7 50 42 133 20 25 50 26 68 47 61 12 18 111 0 35 57 22 0 23 10 6 55 38 73 39 82 140 163 27 27 172 42 7 4 0 79 20 2 33 10 15 7 0 153 22 16 93 0 44 38 62 36 0 103 23 10 29 5 39 33 40 25 26 177 122 10 75 4 98 40 36 43 13 25 26 30 14 55 116 152 41 23 50 72 14 93 126 12 49 18 41 39 2 22 108 78 61 60 190 33 55 18 6 3 86 8 83 37 142 23 152 47 30 25 89 12 8 90 100 26 81 7 86 8 272 121 102 144 15 122 101 3 7 32 4 38 24 27 75 0 24 44 58 9 83 26 74 21 39 52 41 31 1 59 71 4 51 61 121 64 35 6 26 93 14 49 32 122 13 42 40 29 72 34 5 59 170 98 32 76 12 0 4 151 33 93 28 135 64 57 22 47 42 6 70 70 13 11 37 42 5 109 36 1 10 16 6 9 18 74 43 85 40 253 29 26 158 9 80 288 27 28 66 12 24 23 5 6 21 4 25 5 80 41 8 62 158 31 26 5 1 52 143 14 54 0 16 72 83 74 20 59 24 56 41 38 33 47 78 44 63 41 25 6 90 57 143 11 45 36 59 52 137 63 34 7 36 42 4 4 32 16 16 22 124 5 8 2 24 3 46 78 32 6 133 14 89 1 36 5 28 9 8 106 32 33 158 16 29 17 13 19 19 101 33 81 41 31 15 88 23 38 2 29 15 89 47 87 59 43 75 31 77 44 13 37 63 3 46 41 3 102 38 10 44 8 288 68 18 10 49 63 42 41 192 146 40 19 64 64 214 79 14 75 42 27 2 20 76 37 100 83 97 14 43 20 86 35 22 1 39 28 0 104 25 63 54 22 18 51 32 15 7 72 71 18 7 14 23 11 5 11 60 2 5 69 32 157 46 32 22 32 6 24 73 4 25 138 105 153 20 36 59 14 14 45 11 10 36 61 50 33 200 133 113 19 24 2 26 35 16 48 9 40 18 34 12 140 22 90 10 213 76 12 1 1 3 98 68 2 58
46 48 1 0 34 37 39 2 5 11 367 0 1 8 72 33 125 27 16 60 12 6 2 17 38 10 80 77 6 398 25 25 62 52 5 10 28 37 41 17 18 57 29 0 17 0 8 11 18 57 2 18 4 24 1 3 268 9 159 31 74 8 165 43 0 3 0 11 100 16 8 14 0 15 1 0 21 64 80 0 6 28 21 11 56 2 3 338 20 40 45 129 8 0 0 190 90 0 12 4 14 18 368 5 72 131 31 26 403 1 26 3 0 47 15 192 23 9 94 55 26 203 1 2 201 60 20 52 36 37 64 147 6 73 57 30 10 207 3 103 377 72 24 0 79 54 21 41 2 0 25 2 29 1 8 86 75 219 4 381 0 0 7 32 11 0 31 1 30 2 133 2 0 19 295 4 1 27 0 78 0 5 8 63 25 634 30 39 66 48 11 6 13 6 16 0 2 13 1 316 220 1 0 59 14 1 0 0 22 19 5 21 21 29 7 81 3 79 14 0 41 123 44 0 101 27 45 300 37 4 19 0 0 143 74 43 448 82 401 28 100 0 149 1 82 117 3 294 0 0 25 96 22 3 0 19 5 156 14 38 37 4 45 47 4 5 8 0 16 286 2 25 4 5 18 47 4 2 146 1 1 0 59 76 66 42 0 3 117 27 5 176 310 60 24 29 21 21 1 71 23 8 35 20 11 21 0 92 57 1 0 317 0 187 0 11 83 15 25 0 23 6 0 129 1 27 60 34 26 0 9 26 3 8 93 7 368 111 205 0 153 236 0 0 0 1 27 7 2 0 2 226 14 10 6 33 100 6 6 5 1 49 0 41 2 4 30 0 149 32 0 0 5 4 22 0 4 0 7 30 0 16 43 38 78 0 15 401 47 49 89 25 39 571 272 2 0 114 9 2 21 81 16 52 13 5 114 23 14 1 7 1 1 3 2 18 0 1 184 0 247 0 10 3 1 21 0 8 37 3 47 1 1 11 186 99 0 8 82 3 5 1 14 66 0 3 19 7 32 2 69 55 137 25 51 3 0 14 25 0 0 10 27 107 0 88 12 116 4 0 121 55 0 0 14 11 18 13 68 0 17 26 25 31 8 0 4 0 97 31 91 4 75 52 24 1 27 215 124 19 10 27 3 0 26 0 1 4 377 12 55 0
2 156 141 251 130 1 6 15 20 4 15 3 1 6 3 0 13 13 412 112 0 7 24 39 7 20 0 12 43 4 21 8 0 2 80 95 292 3 3 68 372 10 20 64 163 4 11 9 12 1 1 51 20 23 3 21 180 6 37 39 34 15 0 240 25 20 19 24 0 4 0 12 0 202 105 3 347 23 25 3 6 10 28 1 0 56 18 20 28 34 2 189 7 8 6 1 131 24 14 1 0 4 0 14 2 52 132 61 3 59 9 34 7 9 28 49 45 5 0 0 83 8 34 46 58 33 30 6 0 3 124 214 0 187 3 155 11 46 69 26 9 298 7 294 17 92 18 7 3 1 22 201 175 10 1 195 5 88 21 9 0 67 10 24 20 138 29 5 0 1 16 17 96 67 276 17 0 9 148 204 25 38 19 7 3 62 129 5 7 45 25 173 183 1 5 189 85 24 3 25 0 203 103 5 15 7 48 0 40 14 0 2 43 21 9 9 21 8 25 19 14 329 65 184 5 0 2 6 21 12 54 8 25 345 14 66 9 5 2 118 72 8 1 12 7 59 2 9 30 111 5 111 44 271 39 0 2 16 16 10 284 18 108 319 1 0 61 58 47 1 259 35 235 36 7 25 9 15 56 24 50 13 39 32 11 269 11 12 2 1 6 10 51 2 1 38 44 162 40 5 34 121 44 0 10 9 12 5 80 40 5 2 4 9 6 222 226 9 1 13 3 0 0 73 46 41 3 0 44 78 16 3 1 23 30 105 0 19 2 33 19 101 1 5 0 19 23 12 30 240 4 36 163 32 81 41 107 181 11 27 0 5 76 182 34 57 43 40 5 3 1 5 104 255 31 1 1 32 67 168 8 1 82 44 122 20 6 1 2 30 7 33 9 9 49 388 70 21 30 0 16 34 1 63 37 5 0 94 72 57 10 20 20 0 8 21 0 3 2 0 83 1 118 1 29 23 6 9 7 20 19 2 8 23 90 292 0 117 97 48 15 18 47 94 5 23 0 55 0 214 92 44 49 36 6 4 326 12 14 30 0 0 2 350 134 7 9 37 1 3 234 91 148 4 4 24 6 0 0 4 7 5 2 16 13 182 39 1 189 0 20 78 9 74 2 0 1 8 12 246 132 37 22 16 14 48 3 78 55 387 22 6
62 91 41 1 24 28 6 16 13 0 28 78 41 3 7 2 101 45 213 35 73 32 39 9 2 99 16 44 31 271 2 1 23 11 26 63 212 14 43 248 2 19 130 30 162 4 95 75 334 29 15 20 205 11 133 78 5 9 17 79 9 49 18 18 0 49 0 23 29 4 165 26 31 1 2 3 8 31 0 1 51 6 1 27 58 60 28 242 33 13 4 23 11 33 15 16 1 64 16 4 49 0 0 5 23 30 159 240 11 32 3 67 96 6 0 199 10 76 38 94 16 13 26 17 40 55 4 3 17 4 6 26 41 9 15 2 71 119 1 0 45 165 19 27 94 8 7 19 0 28 5 7 37 92 60 147 7 59 26 1 7 2 198 16 81 1 0 35 54 4 56 99 0 4 8 16 21 38 3 35 2 13 81 0 15 36 54 21 18 11 19 4 2 87 21 136 42 8 42 347 157 5 21 35 2 14 10 3 7 53 31 0 140 83 13 4 21 411 51 9 7 95 5 6 431 5 103 36 8 339 393 121 60 7 6 110 256 7 100 5 93 4 74 194 13 101 58 7 1 118 0 120 57 22 19 0 4 26 31 75 24 12 26 12 75 173 31 38 56 1 33 9 157 147 1 24 8 9 67 7 35 7 10 16 0 31 14 39 8 50 20 2 36 30 45 4 15 83 4 8 60 139 211 4 53 111 12 9 19 14 13 16 16 21 2 13 0 6 0 4 45 311 1 2 5 7 91 15 44 38 5 46 7 9 28 162 11 6 57 0 15 22 15 9 4 15 70 3 21 96 45 63 56 254 47 20 45 2 19 54 13 11 3 39 354 43 36 2 129 8 32 12 42 21 11 147 2 19 17 2 31 31 0 84 22 185 9 40 1 45 74 160 106 11 48 12 108 66 23 126 0 2 40 8 29 157 8 25 13 2 6 0 13 24 15 309 6 13 2 128 13 8 8 5 29 16 23 76 63 19 22 5 35 76 68 114 21 152 41 674 140 23 199 151 62 49 16 19 46 153 27 5 4 0 22 18 0 65 1 44 7 7 19 72 1 13 0 80 279 37 120 92 152 15 10 40 117 16 6 82 16 10 21 63 44 56 2 8 1 36 9 88 4 59 35 26 43 322 79 44 13 39 115 48 1 47 13 156 11 116 43 6
24 0 14 289 28 27 12 118 167 116 40 71 46 23 18 6 20 91 38 3 50 153 4 72 28 72 1 53 79 1 171 186 92 79 18 95 22 133 39 70 9 85 10 209 8 81 9 19 2 28 57 5 92 31 3 8 24 32 25 9 12 26 70 15 61 1 13 49 47 8 48 22 1 9 6 6 17 49 28 45 70 265 19 56 55 86 8 66 0 17 46 54 79 106 8 120 10 101 142 33 12 0 35 26 102 8 59 16 28 45 56 118 6 69 55 4 49 2 4 53 0 28 6 0 58 92 10 209 9 1 42 117 52 47 39 290 32 14 32 16 85 68 12 5 107 8 0 25 20 70 0 71 35 52 40 14 5 15 77 7 2 4 25 73 55 96 7 5 232 7 170 14 26 63 2 53 17 37 20 9 8 113 9 16 7 60 20 65 15 17 12 8 31 18 38 89 22 48 69 36 67 31 19 57 8 93 63 38 13 16 22 81 172 9 25 105 51 100 106 79 120 3 70 5 122 56 42 8 0 15 3 90 35 126 27 130 19 20 25 3 2 351 4 36 269 26 9 8 86 153 8 6 0 17 9 13 10 28 12 80 29 70 0 20 53 27 42 38 86 3 88 83 108 38 40 8 0 3 17 29 82 1 88 14 193 62 98 125 33 121 9 148 1 52 32 56 251 60 0 4 122 123 41 60 35 0 56 23 4 158 37 5 15 471 3 96 10 5 133 136 111 94 36 227 119 37 6 1 7 13 10 29 1 3 0 68 1 3 38 18 4 19 65 12 84 5 20 7 0 14 14 26 9 0 28 12 304 0 119 34 2 16 44 86 44 116 82 36 35 55 3 8 1 36 153 46 55 13 22 18 22 5 48 28 1 34 89 59 69 43 76 42 27 132 7 211 19 104 30 10 6 134 102 43 258 47 7 16 40 11 46 73 16 137 3 19 1 26 16 53 5 9 5 27 49 202 20 7 54 87 42 33 50 4 10 12 65 2 97 57 13 38 3 4 0 9 83 38 40 79 11 6 35 26 2 126 17 46 40 4 5 23 28 26 7 7 23 2 66 1 31 15 0 0 12 41 54 2 24 115 19 148 56 192 43 44 50 10 12 46 85 46 2 61 75 14 181 25 150 5 9 103 132 4 52 142 0 1 95 240 2 178
10 16 7 13 103 3 0 0 5 12 37 62 5 44 211 7 33 1 24 78 4 3 5 80 184 28 16 9 9 65 263 95 3 9 93 1 20 1 75 37 23 9 90 2 30 66 295 75 221 159 1 1 1 2 51 59 9 17 17 1 444 7 2 7 44 1 84 10 6 54 2 39 3 10 16 0 4 50 4 93 3 64 33 3 86 240 126 11 8 2 5 95 26 41 20 82 89 54 1 5 212 0 3 342 6 5 21 159 7 83 222 7 16 6 3 14 17 2 10 93 603 26 6 6 109 10 2 35 64 51 61 23 5 72 36 197 16 7 3 83 2 26 7 5 106 52 7 1 160 15 86 7 9 17 36 12 30 24 20 11 31 102 205 62 37 42 4 70 152 0 48 6 16 17 155 28 20 424 6 113 50 46 30 100 53 11 135 13 2 5 11 24 17 0 206 22 60 10 2 163 160 89 69 121 56 1 77 117 332 34 109 2 12 13 19 1 14 94 24 0 193 11 9 5 1 34 112 3 2 21 3 9 1 1 23 18 21 84 134 8 20 49 0 16 19 138 18 24 47 45 17 73 195 43 23 20 68 1 2 367 11 0 36 9 3 83 12 2 4 2 41 32 17 24 14 12 209 2 99 4 42 1 7 15 199 11 1 26 92 66 82 28 2 23 66 13 166 65 23 302 102 11 32 5 66 5 48 9 0 8 1 91 11 2 13 42 97 4 1 31 87 33 31 24 7 40 5 6 8 73 5 12 10 0 9 3 2 53 26 54 26 2 144 12 2 77 149 6 1 40 17 46 6 60 2 104 6 16 6 178 247 11 99 34 10 120 212 0 9 4 42 109 23 41 1 7 4 99 68 11 61 3 65 1 11 125 4 134 11 16 65 25 0 19 1 5 4 12 2 342 4 46 1 9 19 453 23 7 7 5 1 2 45 33 86 1 40 2 31 0 113 0 3 24 51 3 2 27 47 0 102 37 167 38 9 39 3 521 18 19 3 40 23 69 34 59 31 199 3 2 1 100 19 3 7 34 14 30 4 11 51 111 52 256 36 4 6 9 14 336 26 52 11 1 45 45 64 11 139 0 1 122 2 52 56 15 49 13 67 0 21 0 30 111 28 102 10 1 32 35 101 248 3 10 3 8 143 59 46 0 112 37
5 41 32 325 16 31 12 8 11 229 8 3 8 183 0 3 11 221 0 11 3 14 6 1 46 9 3 66 26 44 2 3 2 36 9 26 5 36 1 15 1 1 6 4 17 20 7 52 8 360 9 57 2 17 9 29 186 35 6 25 15 43 6 5 4 4 26 14 0 18 37 1 142 41 319 30 524 5 22 27 13 20 0 11 48 0 0 88 49 2 26 0 28 153 66 68 95 4 13 38 53 8 21 73 254 209 45 43 0 77 44 25 64 1 10 17 147 0 0 103 21 18 16 13 23 2 0 91 4 107 5 25 7 2 47 40 40 3 8 22 276 32 25 5 36 44 66 8 73 9 64 3 120 61 55 3 12 150 42 47 63 2 11 2 109 141 95 106 8 41 18 6 25 26 48 67 0 22 4 190 355 15 7 174 319 2 30 111 4 78 47 64 64 6 49 13 32 47 6 198 16 4 8 22 90 20 19 123 14 55 68 29 30 279 13 84 12 72 171 7 45 1 254 47 10 38 5 87 345 44 183 172 32 100 4 137 26 28 39 6 16 4 21 2 1 24 16 17 45 52 18 3 3 390 4 3 36 4 16 164 3 15 4 126 131 59 33 105 18 6 51 254 20 32 2 3 320 152 112 1 3 62 6 23 99 4 56 33 28 17 23 7 152 26 60 16 6 176 2 33 111 9 100 9 10 1 7 64 182 187 9 145 15 13 77 58 34 8 80 106 369 7 11 14 19 44 0 17 11 10 84 8 1 19 2 4 18 79 133 32 91 5 5 7 43 16 15 139 1 2 197 0 104 97 1 22 57 3 132 34 6 0 147 6 10 11 15 27 5 9 35 15 36 13 18 10 7 2 44 36 16 12 0 34 74 83 20 7 9 1 28 8 4 121 42 26 24 18 275 138 18 13 193 4 4 35 48 107 37 65 0 7 17 14 8 11 13 8 274 240 4 0 1 107 16 2 167 19 101 16 41 51 1 182 83 125 9 111 372 2 4 38 6 0 3 28 31 42 136 4 0 38 130 1 21 10 10 54 6 24 6 3 3 8 2 1 0 18 32 4 10 51 63 41 48 0 4 62 14 15 0 64 271 61 4 18 44 6 4 40 32 20 3 3 23 54 20 72 72 7 72 13 186 3 18 32 15 52 3 144 67 12
3 0 0 1 16 18 19 29 15 12 47 186 3 3 29 52 65 17 7 6 12 9 110 150 3 182 36 2 96 3 11 0 10 66 96 131 2 2 47 12 15 171 223 0 11 56 1 179 20 11 108 88 9 3 31 42 17 2 26 190 54 6 16 20 147 1 20 3 4 19 0 0 83 42 6 12 1 4 0 16 34 12 5 12 56 23 0 16 44 26 10 74 199 13 121 23 3 33 7 28 6 8 21 17 29 5 35 12 1 0 2 60 0 29 24 22 110 2 15 81 146 5 15 176 20 1 97 12 4 104 5 25 41 4 14 28 15 0 37 50 11 211 5 0 12 53 5 2 10 37 19 86 8 1 18 32 0 218 169 0 21 8 21 4 11 11 2 28 493 36 26 12 5 6 13 88 14 151 7 28 0 134 61 30 46 39 19 35 24 32 5 6 83 29 134 326 36 27 51 40 25 61 84 99 28 27 165 49 10 3 42 7 1 8 3 65 70 8 51 4 360 126 16 48 151 22 23 77 21 10 71 37 57 207 4 2 53 162 142 16 26 10 0 30 33 1 24 1 51 3 5 8 10 25 9 6 342 1 37 214 0 12 9 2 17 22 20 4 122 32 69 105 1 7 0 44 5 83 0 3 358 14 63 17 0 40 4 14 114 101 88 11 50 0 47 13 6 37 1 0 15 34 8 154 0 19 115 0 97 9 5 5 0 29 206 34 47 44 15 336 291 85 10 0 135 53 4 3 53 225 20 8 162 12 89 58 97 2 4 28 270 24 0 15 3 1 63 10 84 23 42 47 7 5 111 9 330 36 24 154 9 1 5 31 2 133 12 152 3 12 20 1 2 17 8 2 28 7 154 75 3 55 0 99 233 10 58 39 77 92 1 15 17 357 23 53 4 15 153 3 192 144 47 7 0 25 12 21 22 2 4 145 13 280 108 18 145 9 4 15 94 25 12 15 28 2 6 135 24 92 43 16 13 11 18 52 0 16 42 3 187 16 83 208 25 0 19 29 1 22 11 446 35 84 6 1 31 1 6 198 24 58 15 78 28 46 54 7 19 1 34 21 36 0 1 105 8 5 158 80 10 116 74 85 43 13 231 176 6 29 167 267 4 178 50 11 47 12 2 10 64 0 130 57 0 2 85 143 18 191 15 10
11 12 1 2 38 9 3 1 37 26 0 25 56 15 2 27 39 58 62 47 4 1 26 13 105 185 1 88 13 20 23 50 6 199 2 22 31 20 20 0 1 110 2 66 59 64 195 12 5 395 3 5 8 35 32 72 239 107 61 25 46 4 22 1 6 109 45 253 16 1 1 35 6 229 2 2 4 49 11 38 49 58 19 6 2 489 5 94 155 51 10 26 23 55 0 2 66 0 77 316 5 3 9 0 41 122 37 29 296 6 26 192 168 0 0 27 3 118 7 1 77 12 10 38 23 0 1 86 11 12 3 29 76 68 69 5 6 178 61 225 13 128 32 1 121 14 0 107 1 4 6 63 0 6 0 55 34 1 0 34 129 47 20 38 20 14 5 28 0 2 130 102 13 214 4 10 16 50 223 6 8 36 8 214 26 124 48 15 94 20 4 13 25 40 36 8 24 5 33 49 703 1 3 55 1 5 47 2 7 3 0 18 0 30 34 14 0 13 13 31 14 55 4 6 2 204 21 19 8 197 31 9 570 1 27 12 6 2 374 48 36 93 24 4 86 44 47 13 20 173 38 18 103 14 1 26 79 19 10 15 41 123 17 10 15 77 9 7 21 5 18 44 30 6 52 9 0 25 1 22 41 378 13 264 18 25 142 30 15 10 148 17 74 42 4 0 1 91 2 25 12 3 25 19 4 21 53 7 27 304 26 31 5 11 69 7 1 4 0 49 25 304 0 4 54 1 20 12 155 53 17 51 4 11 13 290 16 5 105 157 92 74 22 46 3 35 296 43 152 12 69 125 1 59 137 1 19 163 4 34 13 8 136 53 0 3 124 10 146 6 0 0 54 136 529 13 0 13 8 41 0 0 21 14 34 8 35 28 102 7 17 15 48 75 19 11 17 2 32 15 2 7 9 7 32 50 17 21 15 11 53 13 66 9 3 6 3 65 92 34 8 54 12 3 7 4 17 84 25 24 149 55 75 38 24 26 70 9 95 9 19 28 3 13 44 27 74 9 13 69 12 3 11 199 62 109 3 13 6 0 3 23 225 97 99 38 25 8 82 142 3 28 18 7 85 25 387 8 89 55 0 11 47 0 95 192 16 73 9 2 40 26 14 90 80 9 72 109 41 13 8 38 69 9 34 13 11 4 17 99 60 22
12 3 30 8 16 113 18 4 46 8 107 183 34 3 34 0 3 47 1 6 22 108 4 0 33 68 0 3 4 106 7 35 223 13 3 9 62 173 7 31 4 55 56 22 11 218 1 7 25 24 49 2 10 5 91 145 1 0 37 2 89 20 1 0 82 60 28 9 6 47 4 46 26 12 8 19 79 28 63 143 19 6 34 4 6 64 10 9 66 68 86 7 36 0 19 62 29 18 18 29 51 5 1 143 94 0 13 4 34 46 1 1 83 20 2 1 208 34 2 10 56 14 219 4 47 111 36 42 6 185 111 1 51 4 2 317 47 29 63 15 35 5 100 83 43 13 6 1 57 27 2 47 44 22 19 40 37 208 8 63 15 240 20 88 62 5 99 285 0 12 6 5 0 1 1 127 33 11 29 23 0 37 0 53 17 10 121 6 27 3 4 319 6 27 1 11 23 342 505 23 41 3 43 52 43 13 42 180 10 28 28 191 5 56 8 11 8 15 50 173 52 6 69 16 37 107 288 38 142 16 19 51 31 39 54 20 7 5 3 2 1 199 883 2 25 37 24 27 19 30 14 312 3 5 153 35 11 24 29 3 21 2 7 77 2 16 16 151 24 91 41 192 88 92 12 21 2 10 32 5 210 34 2 7 2 15 42 1 10 25 1 2 58 41 28 5 70 10 35 29 0 23 3 20 21 1 14 29 26 25 12 7 251 0 1 14 14 79 13 25 28 22 54 88 10 8 43 4 6 1 0 34 27 150 5 87 66 14 48 0 16 22 39 80 65 22 93 13 47 60 11 35 128 12 20 91 107 45 21 10 218 20 1 156 41 11 1 145 0 101 7 0 43 5 0 21 35 21 1 6 1 6 3 13 18 12 1 7 20 13 2 16 6 52 17 23 27 42 651 79 67 39 0 178 32 2 15 37 22 48 9 2 46 11 42 5 39 472 19 69 8 3 158 117 22 30 7 33 136 194 226 114 198 27 9 0 18 13 19 100 200 16 392 6 13 124 34 3 26 118 7 121 6 55 18 6 16 51 120 6 5 162 79 49 0 136 2 33 7 25 15 10 18 6 48 20 1 1 23 26 38 10 148 56 7 55 109 32 2 1 152 120 29 14 1 10 67 51 59 190 4 120 8 193 1 18 7 158 28 69 2 0
